1850
4046
0
14763
0
0
576
0
0
2999
0
0
629
0
0
0
1872
0
0
0
0
2401
1787
0
0
0
1670
5909
0
1761
9336
2096
0
0
0
866
0
0
0
127
0
502
0
0
0
0
195
0
2769
0
0
1470
2421
0
0
0
0
0
0
1854
1653
0
0
1002
0
2463
0
2987
0
912
0
0
2758
0
0
20343
2754
72
0
0
1032
0
2804
0
0
6541
0
0
0
0
2591
0
0
4125
3331
0
5812
1700
0
0
0
0
0
3505
0
0
0
0
2950
127
0
0
0
0
0
0
0
0
1228
0
0
127
0
1019
0
0
62
2142
0
0
0
2912
0
0
0
0
0
2967
0
0
0
0
2892
0
0
1846
0
0
0
0
0
0
0
0
2356
7145
0
0
0
127
0
0
823
0
0
11753
15023
0
1442
0
0
193
20343
0
0
0
0
0
1121
0
0
0
0
0
0
3970
0
0
1548
564
0
0
0
0
0
0
351
2856
0
0
0
0
0
0
0
0
0
127
0
0
0
1799
0
0
127
798
0
0
0
2282
10317
100
0
2295
0
14999
0
0
0
1753
0
322
0
0
2318
0
2248
0
10539
1246
0
0
2169
0
10985
0
0
0
0
0
333
0
0
1095
580
0
1692
0
2261
0
1658
0
2827
0
0
0
0
645
2128
0
0
0
0
2925
11625
0
4
0
0
2151
0
2560
0
0
0
0
2047
0
0
0
127
0
0
0
0
1254
16450
0
2776
0
0
0
0
0
318
0
0
1082
1110
0
0
0
349
0
0
0
207
11477
556
3620
0
823
0
0
677
0
282
3595
0
3000
0
0
258
12402
126
0
0
0
182
0
2578
0
0
0
0
0
0
0
0
0
0
1643
0
0
0
7
0
2459
0
0
14348
0
0
0
0
0
0
0
0
0
0
2141
431
0
0
0
1179
407
1963
1577
0
1401
0
2889
967
467
0
2991
0
0
1104
0
0
0
0
0
0
0
0
0
0
1908
3861
0
549
2111
633
20368
0
0
2743
6710
0
0
0
0
0
0
2253
0
1903
0
10824
0
127
0
0
0
2763
0
0
0
0
0
2852
0
0
0
0
0
1847
0
0
508
0
0
0
2330
0
0
0
0
0
0
0
0
925
0
0
12426
1403
2112
0
0
0
0
0
0
2337
0
1126
0
0
0
0
0
0
0
0
0
13713
0
0
0
0
2863
0
0
604
0
1169
0
0
0
989
0
607
0
0
2482
0
2561
0
0
6987
0
0
2337
0
0
2400
0
0
0
127
0
0
0
0
0
3884
2961
0
0
0
0
8726
0
0
0
0
4567
0
6908
0
0
0
0
727
0
0
0
0
0
2950
0
127
0
6793
1199
0
1649
1169
0
2911
2672
1300
0
2542
0
0
127
0
127
808
0
1836
0
0
11439
0
0
1443
0
0
0
1305
0
9424
0
0
0
2729
0
0
2723
0
2019
1088
0
1118
0
1385
0
0
0
0
265
0
1499
0
0
7117
0
0
11429
11677
718
0
27217
0
0
127
14914
0
0
0
0
85
0
0
0
0
0
2574
0
0
0
2588
0
0
0
0
2382
0
0
0
0
1530
63
0
0
486
0
0
0
0
399
0
1554
0
127
2040
0
0
0
0
5866
0
0
1850
2122
2983
0
0
746
8895
0
0
0
8164
0
0
769
0
127
19450
0
703
0
0
0
212
0
0
683
796
0
0
0
0
0
0
0
370
0
0
0
0
127
1717
1852
0
1054
2622
0
0
0
2310
2401
0
0
0
0
0
0
884
1358
171
1797
0
0
0
0
2672
1934
1179
0
0
0
0
0
2345
0
0
0
0
0
0
0
0
0
1810
0
0
0
0
2698
0
0
0
0
0
0
1818
0
0
0
0
2960
0
0
0
1834
24088
0
0
0
0
0
1941
416
0
349
0
2228
0
0
0
660
2309
0
0
0
0
2632
0
1541
0
0
0
0
0
975
0
0
0
0
0
0
0
14270
2597
0
890
0
0
0
2309
2747
0
0
0
0
0
0
2115
823
19538
0
1008
0
0
0
0
0
1247
2370
306
0
0
0
395
0
0
0
314
1252
127
2054
0
0
0
2821
0
0
0
0
0
0
0
0
0
1683
0
9675
0
0
0
1934
0
167
1894
3399
0
1383
0
0
127
0
29710
1118
0
7185
4046
0
0
5267
11951
1596
846
12402
23701
0
0
0
0
127
0
0
0
0
4291
0
0
127
0
0
0
0
0
0
0
0
0
0
0
0
661
1970
2370
0
2387
0
0
0
0
0
127
532
0
0
0
0
1321
0
20446
0
127
0
0
0
338
0
0
0
0
8056
0
3890
2881
0
0
0
10734
1508
1792
0
0
2035
0
20264
923
0
0
0
0
0
11430
1999
0
2316
0
0
0
0
6710
1222
2367
0
0
1214
1018
4046
0
0
1560
8062
0
0
2337
127
0
0
0
0
0
1590
0
580
0
2825
0
10046
0
5803
962
9286
1515
0
0
0
2366
0
0
0
0
0
0
0
0
0
0
0
1067
0
0
0
1329
0
0
0
0
1185
0
1291
0
0
0
1422
0
2109
2602
0
2402
0
0
0
0
0
0
26393
1014
127
0
0
0
0
12973
0
0
0
0
2734
0
0
0
0
7756
0
0
127
2106
0
0
1174
0
0
5164
528
0
2836
967
1920
0
2941
0
0
15331
0
1558
0
0
2930
1902
762
0
884
0
1360
0
1181
0
15973
0
0
0
0
0
727
0
0
2381
0
0
0
0
0
0
0
0
1603
759
0
454
0
0
0
0
0
0
127
925
0
0
2742
0
2744
0
754
0
0
0
2473
0
0
0
1262
0
7216
0
465
2882
0
0
2473
0
0
320
0
0
0
0
0
154
0
0
0
0
0
0
0
0
0
1228
248
0
1254
0
127
0
0
2161
0
3494
0
0
0
0
0
0
0
0
127
0
0
922
0
6720
519
2136
0
0
0
2548
2001
0
0
0
0
4576
2792
127
0
0
2382
0
2917
0
0
1673
1595
0
0
0
0
0
0
0
0
0
1517
0
0
0
0
16594
127
0
0
127
4766
0
8185
0
0
5475
1621
0
0
0
0
0
0
14337
0
0
180
0
0
0
0
0
0
127
0
335
0
933
0
0
0
19398
0
1009
0
0
0
0
0
890
0
0
2637
0
0
0
0
0
0
0
0
0
0
0
999
2741
1296
10152
0
0
0
0
0
18270
1971
0
9710
0
0
411
1594
0
519
2997
0
0
653
0
2851
127
4183
0
0
0
0
0
0
0
0
0
2853
0
553
0
0
1665
3772
1292
0
0
1370
0
130
19172
1329
680
0
2817
2441
865
183
0
0
0
1127
1231
0
0
0
0
421
0
0
0
0
0
0
0
2466
3614
4252
0
0
0
0
0
0
779
0
5139
0
0
0
0
1997
0
0
0
0
0
367
1441
0
13713
988
127
127
127
440
0
0
687
307
0
0
0
46
3808
0
2656
2052
5401
0
0
0
0
0
3113
2954
3753
11000
2935
1145
127
0
0
7949
10436
0
10814
0
0
2726
0
843
1345
2223
0
0
0
2738
0
0
0
0
1594
0
0
0
909
2516
2571
823
16223
0
0
450
0
127
4410
0
0
0
0
0
0
0
0
2906
0
8460
0
0
0
0
0
5812
0
0
0
0
2973
127
1660
0
0
0
0
0
0
0
0
0
2123
0
0
0
0
10713
1118
0
0
0
0
0
0
0
0
0
0
3060
0
0
1656
0
0
0
0
0
0
0
358
0
0
0
127
0
0
127
0
0
0
346
0
0
1465
0
1542
2488
0
0
0
0
1110
2946
0
21735
6121
5185
0
2602
0
0
2512
0
0
0
7104
0
0
0
0
11175
1836
0
0
0
0
1239
0
0
0
2671
0
1850
0
0
1334
0
0
0
127
0
2575
0
0
625
0
0
4104
0
0
0
2558
0
0
623
0
0
740
26586
0
1544
0
1257
0
0
2692
4725
0
0
0
0
0
0
0
127
1275
0
1319
0
0
0
0
16862
0
0
0
0
0
0
0
0
0
2624
0
2595
1099
0
17368
2666
0
0
0
2030
1101
113
432
0
0
0
181
0
0
2710
0
2401
0
0
0
15316
0
0
0
0
0
0
0
2493
1051
0
0
2670
2798
0
0
3405
127
1329
0
0
2878
0
0
0
0
1036
665
11126
0
0
0
6
0
1743
0
0
0
0
13877
0
0
905
0
0
0
0
0
0
0
0
2447
0
20886
727
0
2597
0
2116
15337
0
2819
0
0
0
517
0
0
0
0
0
0
0
2455
0
1642
0
409
0
2401
0
0
0
2134
2290
0
0
0
0
3108
0
0
0
0
86
0
2753
0
1734
0
0
1922
0
5320
0
0
84
0
454
0
505
0
0
0
0
0
890
0
0
0
643
0
0
0
0
0
0
0
0
10493
3711
2968
0
0
2455
23707
0
0
0
0
0
0
1729
0
0
2142
2239
0
0
0
0
0
0
0
0
177
0
0
2718
0
0
0
0
0
127
0
0
0
0
0
0
441
0
127
0
0
2113
9696
0
2482
0
0
0
0
0
0
0
0
0
0
0
1319
0
0
0
0
0
0
0
2296
0
0
0
0
2215
1418
2480
1159
0
0
17368
0
2360
0
367
0
1199
0
0
2163
2154
0
0
0
4101
0
6710
0
0
999
0
0
0
0
1616
0
16783
960
0
999
0
0
2570
0
2105
0
0
0
2807
0
0
0
1515
0
2297
2998
0
0
0
6675
0
2001
2369
2761
0
0
0
1775
0
0
0
0
0
421
0
0
0
0
0
285
0
0
0
0
1316
0
0
0
0
0
997
3769
0
21836
0
0
0
0
0
0
0
0
0
0
0
0
6127
0
0
0
9811
0
0
0
11328
0
3728
0
0
0
10814
0
0
1394
0
2779
346
6987
0
0
0
0
0
0
0
0
0
2529
0
0
0
0
890
0
1894
2541
722
1526
0
0
0
0
0
0
0
2519
0
0
0
589
1225
2648
1847
0
2934
26
1322
1123
0
0
7
0
0
0
4499
0
0
0
0
11710
0
658
2521
0
759
1021
0
1603
0
0
0
0
0
37
1487
0
0
0
6710
0
0
0
1053
0
0
0
1487
3918
1679
0
0
0
0
0
0
15239
2165
0
0
0
0
2146
0
1596
0
0
0
0
0
0
0
0
0
0
0
0
13251
2363
1723
0
0
1970
0
167
0
0
0
0
754
0
127
0
0
0
858
0
0
525
0
10317
0
0
0
0
0
0
0
0
1333
0
1382
0
0
1186
5444
0
689
0
0
0
0
0
0
0
0
1116
0
0
0
1851
0
1325
8185
0
0
0
306
1031
0
0
0
0
506
127
0
0
0
0
0
0
1080
0
0
0
289
0
0
0
0
0
0
0
1763
0
361
0
0
0
0
0
0
0
0
0
0
8176
0
0
0
0
0
0
10814
0
0
0
9417
0
0
0
1366
0
0
0
691
0
0
1787
881
0
0
0
1182
0
0
0
1639
3012
0
1736
0
2461
0
0
0
0
0
0
0
0
0
1099
0
3869
0
0
0
0
0
127
127
2159
0
349
0
0
1021
0
0
0
0
0
0
0
0
0
2752
0
0
0
0
0
0
636
127
7046
693
0
1434
1947
0
2644
127
938
852
0
0
0
1247
14763
0
0
3498
0
0
0
0
0
0
0
0
0
0
2343
0
1063
722
0
0
3869
0
752
0
0
0
0
1356
0
0
0
0
0
0
0
0
127
0
0
0
892
12
0
8000
0
0
0
0
0
127
13641
825
0
0
0
15402
0
0
0
2660
0
256
2320
0
0
0
0
0
0
1840
0
1744
1018
1063
2856
1469
0
0
0
0
13869
11927
0
0
0
2323
0
0
0
0
0
0
0
1804
14230
5475
0
20041
0
0
6541
71
0
36
1148
0
0
0
0
3879
0
14071
0
0
0
1334
0
0
403
0
12598
0
0
0
823
339
0
488
0
0
0
1456
324
0
10330
2548
0
8027
0
0
0
0
0
0
0
0
0
0
0
0
0
0
0
3365
0
0
0
0
0
0
0
0
0
0
2390
0
0
0
12363
0
0
0
2548
0
0
2760
0
0
0
0
878
0
0
0
1236
0
17715
0
0
127
0
0
0
0
2349
0
1794
2212
14337
0
474
1247
127
0
0
346
0
0
1419
0
0
0
2232
0
0
0
0
1934
0
0
0
0
0
0
1730
83
1898
0
0
0
0
0
0
0
1314
0
0
0
3750
2268
1453
0
0
0
0
0
0
0
0
0
0
0
0
10274
0
1442
2797
0
0
0
2982
0
0
0
0
500
0
2732
0
0
127
0
0
0
0
0
0
0
0
0
693
1159
0
0
0
1842
0
0
2404
0
0
926
0
2645
0
127
0
0
1923
858
0
0
127
3127
0
0
0
0
0
5316
0
0
127
0
0
371
0
4369
0
0
0
0
12973
2694
0
0
196
0
0
0
1118
397
1431
10539
1585
0
0
1035
0
0
0
0
2218
0
0
0
0
0
1196
1238
0
0
0
792
0
1094
0
0
0
0
1360
8523
2855
0
1644
0
8475
0
0
1042
0
0
1788
0
0
0
0
0
0
0
1259
0
993
0
22372
0
0
0
0
0
0
0
0
4217
0
0
399
2917
0
0
3518
5164
2806
0
378
0
0
0
0
2645
0
0
0
0
6196
0
1178
0
576
0
0
0
3917
0
0
5185
0
0
0
1187
426
0
0
0
0
3022
0
8594
0
0
0
817
0
1018
0
2728
2511
0
19474
0
0
0
0
0
0
0
0
19
1164
0
4306
0
0
0
1954
17872
2430
2019
0
0
2777
0
0
1315
0
0
0
0
880
0
0
0
0
1765
0
0
0
0
0
0
0
127
2401
0
0
0
0
0
0
510
726
0
0
0
0
0
0
0
1218
1806
497
0
2493
1328
0
0
6365
1965
0
18582
0
2345
111
0
0
2131
0
0
1671
0
12598
0
127
0
0
57
0
0
0
7
0
0
1418
1973
0
0
0
2677
0
2769
0
2935
0
0
0
0
0
338
0
220
0
0
2874
2878
1985
0
0
2488
0
18911
0
0
0
0
1667
0
0
0
804
300
0
0
0
0
0
0
361
0
0
503
0
127
0
0
0
0
0
11590
0
1248
10535
0
0
0
0
0
11753
884
127
93
0
12598
0
1383
0
0
0
0
0
0
0
0
127
0
0
1456
0
0
0
0
1161
0
5185
0
0
0
0
218
127
1124
0
248
0
2512
1723
0
0
1875
571
0
9788
0
0
0
0
2899
0
0
0
0
15786
109
0
0
0
0
0
0
0
127
0
2413
2126
1772
0
6399
0
2935
0
0
1951
0
130
0
0
1621
2821
0
0
0
28372
0
0
2505
0
0
351
0
0
0
2930
0
2158
0
0
2726
0
0
684
0
5124
0
0
0
0
0
0
0
0
3248
0
0
0
0
0
0
2894
0
127
398
0
0
0
0
0
4104
127
1975
0
0
711
0
0
1814
0
0
0
0
0
0
1104
0
0
0
2689
835
2819
0
0
0
0
0
1772
0
0
445
0
2343
0
928
0
5494
0
21906
0
0
1001
0
0
0
0
12321
0
0
2159
0
2896
0
0
0
2458
0
2726
2459
0
0
0
0
744
0
0
0
1066
2449
0
0
0
919
0
0
0
0
0
11753
2499
127
0
9882
0
0
2637
127
0
0
0
0
0
0
0
7680
2696
0
0
0
0
2480
0
0
14230
0
1185
0
0
0
0
0
0
0
2401
0
0
0
0
2272
0
2051
18902
8000
0
0
0
1637
0
0
7
0
2903
2079
0
0
0
0
0
0
0
0
0
7463
1436
1960
717
127
0
0
0
127
230
22367
0
0
0
506
0
0
0
322
381
0
0
3279
2997
0
0
0
647
0
0
0
1999
0
0
0
14185
2329
2745
0
0
21486
0
2720
0
2642
0
3195
8917
0
0
18180
2557
1272
0
0
84
0
0
0
1543
0
0
0
0
364
85
1036
1610
0
0
0
0
0
18748
0
0
127
1771
2458
0
9882
0
0
0
0
0
0
0
0
2998
0
0
0
0
0
0
0
2789
707
0
0
0
0
0
0
0
0
0
1768
894
0
0
0
0
0
0
0
0
0
1219
0
0
1246
2216
16123
0
2379
2779
0
1896
0
0
0
0
0
0
0
0
928
0
0
0
2436
27549
0
127
1584
0
0
523
0
1434
0
0
0
0
1050
0
0
0
1000
0
6756
0
0
0
0
0
0
23707
0
2720
0
0
8364
0
0
1247
0
0
682
0
2149
0
0
0
98
0
0
0
0
0
127
0
0
1577
1124
0
0
0
0
576
0
0
1083
0
0
0
0
0
0
2612
0
127
15691
2154
0
0
1938
0
127
0
0
0
654
0
0
0
3898
20861
0
14223
0
0
2294
127
127
0
0
1569
139
0
0
0
0
0
0
22149
0
2945
1782
0
0
0
0
0
0
0
1017
0
2001
0
26
2967
0
0
0
0
0
127
0
0
0
0
0
0
0
401
121
0
0
6348
0
0
0
0
0
127
0
15294
185
0
0
0
8063
15174
0
0
0
0
0
0
0
0
0
0
0
0
0
0
0
0
0
0
0
0
0
0
0
0
0
0
1526
677
1116
0
11753
0
0
0
2575
0
1216
15479
1784
0
3680
513
604
0
0
1330
0
450
0
0
3693
0
0
0
0
7046
0
0
77
0
1162
2463
0
0
1845
0
0
0
729
2415
0
0
0
0
0
280
0
3891
0
0
0
2842
823
0
0
0
2109
5164
2803
0
3212
0
0
0
0
0
0
2462
0
0
5454
19784
330
728
0
0
0
2755
0
127
2992
0
2804
0
0
0
0
759
1635
0
127
127
0
0
2419
0
0
127
0
0
22814
0
0
0
0
0
0
0
0
0
0
20439
0
2300
1564
0
0
0
0
0
0
9500
0
0
0
0
0
0
0
1489
0
0
0
0
0
0
500
0
127
2974
2290
0
0
569
0
834
0
0
1599
2154
127
2998
1246
0
2101
2721
397
0
0
668
0
0
127
0
0
127
0
0
947
0
0
0
0
0
5032
0
0
0
0
0
0
0
0
0
1167
0
0
0
20041
20368
0
2142
0
0
0
0
858
0
13512
0
480
1427
75
2721
127
1850
2378
0
13719
0
0
0
0
21122
17325
0
0
2390
0
10539
6050
0
9
0
3127
0
0
0
0
2370
1634
0
0
0
127
0
0
1882
658
0
127
0
330
0
1291
0
1565
8829
0
0
0
6710
1920
0
1951
0
1660
0
0
0
3000
2767
3658
0
0
186
0
0
1847
0
0
0
2051
0
0
0
3823
0
0
0
0
0
0
0
0
0
0
0
2991
0
14804
0
0
0
0
6500
0
0
2794
0
445
0
20912
0
0
967
0
127
1767
0
0
2512
0
0
13784
0
0
0
0
0
0
825
2463
138
0
13073
0
0
0
0
0
0
0
0
0
0
0
0
488
0
0
0
0
0
0
5185
0
0
2221
0
0
0
2027
0
17518
2623
889
0
5017
0
0
0
0
0
0
0
127
0
3000
1333
0
0
2261
0
0
127
6732
0
0
4575
0
0
925
0
0
0
0
2109
0
0
127
0
960
0
0
1527
127
0
843
0
0
0
357
1604
2061
0
2900
0
0
0
0
0
0
0
2000
127
0
0
1286
4072
0
539
0
3884
522
6121
75
2274
0
2967
687
0
0
0
0
0
0
0
0
127
0
0
2502
13317
6987
0
0
0
0
1967
0
6890
0
1944
14206
2310
2196
24830
0
0
1752
0
0
0
0
0
0
0
0
620
0
0
0
0
0
2741
0
0
0
0
207
0
499
0
0
2053
149
887
0
0
0
0
0
11927
0
127
0
19269
0
8424
0
2903
0
0
127
0
0
0
0
0
9697
0
1746
0
0
2370
0
0
0
781
0
780
1658
1714
1392
0
0
0
471
9381
1153
606
0
0
804
2338
2794
1570
0
0
0
0
2405
3176
0
0
0
79
333
0
0
0
0
0
2906
2142
0
43
0
0
0
0
0
0
0
0
2097
0
2126
0
1353
2452
192
0
0
2496
0
0
0
0
24792
1487
0
0
0
0
0
0
0
0
0
0
127
2567
0
2694
0
1581
36
0
0
0
0
0
2003
2825
0
0
0
2605
0
1983
0
0
1742
0
0
127
0
0
1275
361
2924
5185
0
1531
0
255
0
0
0
0
77
0
0
0
738
0
0
0
0
450
0
0
0
55
1653
0
1204
0
2287
1084
127
0
0
0
0
0
0
0
0
3498
2060
0
0
12115
0
2546
0
9541
0
2064
1147
0
0
0
441
0
0
0
0
0
127
775
217
9598
0
602
0
0
0
2202
0
0
0
1736
0
9970
0
0
0
2524
0
0
0
0
0
127
1937
0
0
1425
1363
0
0
1771
0
1474
0
0
0
10677
0
0
4126
0
2830
781
0
613
652
1948
0
0
0
3000
1169
0
0
5779
0
0
0
0
0
2216
0
2001
6432
1953
0
0
1770
0
0
0
109
0
3691
0
0
0
0
0
1066
0
0
0
0
2178
0
0
0
1779
0
0
2843
823
0
0
4046
0
1903
0
0
0
0
6659
0
5209
1434
0
0
2421
0
0
0
0
0
0
0
2324
127
6121
26
0
0
0
2006
0
0
0
0
0
0
210
0
2758
0
0
16780
73
0
0
0
0
0
0
0
1785
0
0
0
256
0
0
0
0
0
0
514
938
0
0
127
0
0
0
0
0
0
0
1458
0
0
0
2595
693
0
0
2578
0
2789
1340
0
0
0
0
0
0
2917
3213
0
0
2516
0
3048
0
0
0
0
2482
0
0
0
2389
0
0
0
0
0
0
0
0
0
13706
0
0
0
0
0
12174
0
0
0
323
0
0
2154
964
0
2603
0
0
0
1526
0
0
0
601
0
0
0
0
1409
0
0
0
0
0
0
0
2712
0
0
1379
0
0
0
0
0
0
0
629
0
2789
0
0
0
0
2285
2453
0
0
2061
10539
1341
1262
0
0
20886
0
0
0
507
0
0
1979
9598
2797
0
823
0
0
0
0
2053
0
77
0
0
964
4192
13515
0
1147
384
0
855
0
0
0
0
11993
0
7341
11753
0
397
0
0
2212
127
17439
0
2448
1593
2531
0
0
0
0
0
0
0
1116
0
0
0
1368
0
0
0
0
0
0
0
0
1418
0
0
0
0
0
0
1149
2968
704
0
0
0
2968
127
0
2761
9367
13121
0
11658
0
0
0
0
0
0
0
0
0
0
127
1124
0
0
0
0
0
0
0
0
0
0
0
0
0
1334
0
0
0
0
0
0
2401
0
0
0
0
3412
0
0
0
0
0
0
0
0
0
0
0
0
3760
0
2621
11753
0
1096
0
0
492
0
0
0
0
3404
2433
4426
0
0
0
0
0
0
0
0
207
0
104
1991
1919
1714
1765
0
0
383
0
0
0
0
1525
0
0
1089
1606
0
1712
0
0
0
0
629
3127
0
1537
0
10484
0
0
0
0
0
0
0
0
0
2275
0
2869
0
0
0
0
0
0
1363
0
0
0
0
0
0
0
2
0
0
0
0
1392
0
2462
0
0
639
0
0
0
0
0
127
0
0
2747
0
0
0
0
0
0
1202
0
127
693
0
2628
0
0
13539
12566
0
0
2423
7341
0
0
0
0
0
0
127
14704
352
0
129
0
1427
0
4938
1153
0
2114
2760
2323
0
0
0
0
1335
0
1351
0
0
0
127
0
0
0
0
0
0
5401
0
1637
0
0
0
0
0
0
0
0
0
0
0
0
0
1842
0
2649
0
0
0
0
0
1922
0
2639
2089
0
2608
0
0
9696
0
5009
0
0
0
0
1287
24
0
4678
0
0
2761
0
1527
0
0
11573
2329
0
0
0
0
0
0
0
0
1581
1979
0
0
0
1001
1178
0
0
109
0
0
2741
127
2060
1616
0
2606
1305
0
0
800
0
0
6541
109
948
0
2930
0
918
274
0
0
0
0
0
0
282
0
0
2981
2115
3483
0
127
6317
0
0
890
213
3287
1147
0
2582
0
2401
0
0
0
0
0
0
0
0
0
1082
0
0
338
0
2379
0
0
0
0
677
0
0
0
0
1056
1440
0
1017
0
614
823
0
1524
0
1166
0
2565
0
244
127
0
12622
0
0
1919
0
620
4253
2198
1356
0
1471
0
1324
0
0
11813
3891
0
2440
0
0
0
0
0
18285
0
0
1523
44
0
1720
0
0
0
0
13945
127
2053
0
0
2757
643
0
0
0
2681
0
0
4016
0
6541
896
711
629
839
0
0
3823
0
0
1360
0
0
0
537
0
2520
0
0
0
0
2878
0
1804
2387
19180
1925
1695
127
1638
0
0
0
3121
0
6254
0
0
1606
0
127
0
10317
0
0
11062
0
0
2216
0
1731
0
19485
194
1406
0
2964
0
3375
0
0
43
127
434
0
0
0
0
2487
0
127
0
0
0
0
0
127
0
2935
0
0
0
0
0
0
0
2200
0
127
0
0
0
0
0
2980
0
0
0
0
0
0
0
127
3894
2685
0
1225
11035
0
127
0
711
0
0
0
0
9668
1403
23041
2395
0
109
0
0
0
0
0
0
2706
776
127
0
0
0
2722
0
0
0
2099
689
1166
338
0
0
0
2894
0
18960
0
332
23093
2453
15294
0
0
0
0
0
2723
1759
1362
0
0
0
0
0
0
0
0
0
8271
2850
0
0
11982
360
2572
0
1907
0
0
0
381
0
290
0
13514
0
2309
0
0
0
0
0
0
0
0
0
0
358
0
0
1601
1356
0
0
2671
0
0
0
1116
890
0
2503
0
0
1802
1171
0
0
0
0
20372
0
1649
0
0
0
1804
0
0
0
1934
0
564
0
0
0
1329
0
0
0
1275
2432
0
0
0
0
14239
0
0
0
2604
3891
3708
3664
517
0
0
0
1971
2049
12622
0
0
0
0
4192
2194
0
2309
0
0
431
0
2883
300
0
0
2092
0
0
0
0
0
0
0
0
890
0
0
0
740
2924
0
0
1089
0
0
0
2687
0
1880
2652
2625
9429
0
0
0
0
0
0
2774
9402
2226
0
1045
0
0
0
0
0
890
0
5185
0
0
0
127
1089
0
0
2719
0
0
0
0
0
523
0
0
2001
0
0
2768
0
0
0
0
0
0
282
9811
0
1473
127
2505
0
127
1350
0
2779
0
192
0
4144
0
2064
0
0
0
0
0
0
15254
0
2643
0
8599
1583
0
0
0
296
0
0
1330
4840
13149
0
0
455
0
11258
1975
0
0
0
1571
916
0
0
1042
594
2329
8027
0
0
14372
0
0
0
0
10539
6987
0
0
0
0
0
1621
0
344
1389
0
528
0
0
0
421
0
0
0
0
127
0
0
0
1422
0
127
16073
0
0
2969
0
0
1536
13990
0
0
0
0
0
0
0
0
1612
0
2664
837
0
0
0
0
2460
0
0
2166
1560
2048
2413
0
2961
0
0
0
0
0
0
3244
2859
0
0
0
0
0
1738
0
0
24
0
614
0
451
0
1675
0
702
2115
764
0
0
0
838
0
0
0
115
0
0
0
0
0
0
0
0
1035
2316
2309
1802
0
0
0
0
1331
0
0
1143
10742
0
0
0
0
0
0
975
0
0
476
0
1033
0
0
9598
2889
0
0
967
0
1462
1523
0
0
0
0
0
1302
0
127
0
0
1799
0
2601
0
0
0
0
0
0
0
0
12587
0
0
2696
558
0
0
0
0
0
0
0
36
0
2806
0
2703
0
1506
15152
0
0
0
0
0
0
0
0
0
0
0
0
0
0
0
0
0
0
1082
0
2857
0
0
0
0
0
2366
0
127
0
0
0
0
0
0
371
127
0
127
0
0
0
0
0
0
2371
2851
127
217
0
0
0
0
2609
0
0
0
276
0
0
0
0
0
127
0
0
1395
0
3238
0
1717
0
0
0
0
0
0
0
0
722
0
2694
346
10814
0
9882
0
0
2471
0
1978
217
7046
0
0
2872
2357
0
0
0
2372
850
0
878
127
1360
0
0
329
0
0
0
0
0
0
16514
0
0
14872
0
2779
1549
0
0
0
0
0
777
0
0
8185
0
0
0
0
127
5928
0
2632
0
0
722
683
787
0
0
2318
2944
0
2521
0
328
0
8185
0
0
1135
0
0
1283
0
2268
0
0
2857
0
2836
1086
1997
0
2769
529
0
0
1167
0
0
0
0
0
0
0
127
0
0
357
1924
1841
2892
35
0
2329
0
0
2029
3000
0
0
5185
0
0
0
283
0
0
0
0
872
0
0
0
0
14776
0
4590
0
0
126
0
516
0
0
0
1953
0
2246
27549
0
2726
0
0
2515
0
9345
0
0
0
1358
0
0
0
265
0
2355
0
1238
0
0
0
0
241
0
0
11062
0
908
0
0
0
0
0
558
0
2655
0
0
0
0
4350
0
0
2385
0
0
0
2523
0
0
129
1038
0
0
0
0
0
2802
0
0
0
0
0
0
517
0
0
701
9
0
13539
787
0
0
0
2482
0
0
445
0
0
0
0
3520
1629
0
0
0
0
0
10742
1303
0
420
0
0
0
0
0
0
0
0
0
0
0
0
0
0
0
928
127
0
0
0
0
0
0
0
0
16376
0
0
2843
0
0
0
1154
0
0
0
0
0
190
1228
0
0
1101
0
0
0
14
0
0
0
0
0
924
1209
1427
0
0
0
0
824
0
2024
0
0
2429
0
4725
823
0
0
2991
0
0
0
2594
0
0
0
0
2732
0
2903
2489
0
0
0
0
0
0
0
0
977
0
0
0
0
1357
0
0
2917
6541
0
11578
705
0
0
0
16946
0
0
1842
0
127
5124
0
0
0
0
780
0
0
646
0
0
326
139
1488
0
0
1167
0
0
0
2802
0
3127
0
0
0
0
0
0
0
0
127
0
0
0
0
0
0
2376
12174
0
0
0
102
0
0
0
282
0
890
0
0
0
0
13858
0
0
0
2558
0
0
0
0
16369
333
0
556
0
0
0
0
0
0
0
0
10993
0
0
0
0
5209
0
0
0
0
2820
0
0
0
187
0
8460
0
0
0
0
0
0
0
1074
0
2426
8813
0
219
2894
0
1658
0
0
0
0
0
0
0
21252
0
0
0
0
1484
435
2483
2703
0
0
0
2533
2725
0
0
0
0
0
0
0
0
3335
23707
0
0
2596
386
1487
0
1133
0
0
0
571
0
0
0
0
0
0
0
2982
0
0
1026
0
0
0
0
0
0
2746
0
0
0
0
274
0
186
1734
0
0
4375
0
10317
0
2740
0
0
0
2605
8489
0
2230
3000
337
0
0
0
0
361
0
4292
0
0
0
0
0
1151
0
0
0
1680
0
0
0
0
0
0
0
0
0
17781
3127
0
0
0
0
1437
695
13420
4276
3130
5804
15313
0
0
0
0
0
0
0
0
486
0
0
0
12487
2408
0
5819
0
0
2945
0
0
746
0
0
9166
2900
0
0
0
0
0
1000
0
0
0
0
890
0
614
161
2537
2270
0
0
1441
0
1636
2370
0
0
1763
992
0
0
0
0
0
0
0
0
0
0
0
1531
2804
0
0
0
0
380
646
16799
0
0
0
0
0
0
0
0
0
0
11753
889
0
0
10539
2430
0
0
0
0
0
2596
2162
127
0
0
2854
0
0
0
0
0
19
0
1738
0
0
0
0
0
0
2837
0
0
0
0
0
0
1956
0
0
127
0
3743
0
0
0
0
0
5185
0
0
467
0
0
0
0
2218
0
0
890
0
0
0
0
1644
375
0
0
1310
2390
285
0
0
2605
0
631
0
0
0
0
0
0
1486
0
0
0
0
0
0
3995
823
1167
0
0
0
2715
3891
1124
2198
0
0
1080
0
1597
0
0
1265
460
0
0
2766
1604
2818
0
0
2577
0
2956
0
0
0
0
127
10187
0
1776
0
2142
0
0
17872
1000
0
0
0
0
0
1382
2482
0
800
0
0
825
4685
0
0
771
0
0
0
2401
0
219
0
589
0
0
0
2685
0
0
0
0
0
83
0
4907
537
0
0
8847
5815
0
0
1319
0
0
0
0
0
0
0
0
0
1371
0
0
0
0
0
0
0
0
0
0
0
0
0
0
0
0
0
0
0
704
0
0
0
127
127
15050
12839
0
0
0
2142
346
0
1348
0
0
0
0
0
0
0
0
1747
0
0
0
0
0
12608
0
1079
0
0
0
0
2643
0
0
0
0
0
0
0
127
0
0
0
1568
0
0
0
0
0
2389
0
0
1813
1763
0
0
23832
0
0
0
0
1441
1356
0
0
0
0
0
127
0
2646
0
0
0
0
1321
127
13347
0
0
0
1488
0
127
282
0
0
0
0
0
0
11071
945
0
0
0
0
5277
0
0
0
0
0
0
0
0
0
0
2760
0
0
0
0
1360
0
0
127
0
0
127
0
0
0
0
0
0
3736
8035
431
0
0
734
127
0
0
2369
0
677
0
2114
0
7586
0
384
0
0
0
0
0
20041
3399
1368
0
0
0
0
0
1700
0
0
7436
2945
1303
1392
0
0
0
0
1385
0
0
418
0
10869
3876
0
0
0
0
0
0
0
3000
0
2982
0
1094
0
4
0
0
2219
0
0
0
0
0
2326
418
0
0
851
0
0
0
0
2723
0
0
0
625
0
0
397
0
801
0
0
1903
1003
0
0
0
0
0
0
0
0
0
0
3947
0
0
0
0
0
0
0
2840
0
0
0
4197
1751
0
2745
1918
0
0
0
0
0
6793
0
17660
2247
0
988
0
0
1759
0
0
1169
0
0
0
0
1535
9533
0
0
0
0
12402
0
0
0
0
0
281
6648
1474
7046
0
0
0
0
2859
0
2001
0
0
0
0
0
0
0
0
2135
0
0
0
1515
0
0
0
0
0
0
0
0
2170
0
0
0
0
0
0
0
9919
1100
0
0
789
0
0
0
0
2863
872
2958
0
0
0
0
0
0
0
0
0
127
774
0
0
0
0
0
0
0
0
0
0
0
2679
0
0
0
0
0
21382
0
10317
0
0
0
0
1357
0
0
0
0
0
0
0
26
0
0
0
0
0
0
0
0
0
0
0
127
0
467
0
346
0
0
0
0
1247
0
0
0
0
2306
0
0
1161
0
0
0
0
0
0
0
0
127
16946
0
0
1039
1045
0
0
0
824
0
0
0
0
0
0
0
0
0
717
0
0
0
0
2647
1115
0
0
0
0
0
12812
0
0
0
1013
0
0
0
0
0
0
967
0
0
0
1498
10300
2744
4372
0
0
0
0
0
0
0
0
16302
0
0
0
0
1003
0
0
9882
3512
0
0
0
127
0
0
0
0
0
0
0
1165
0
0
0
0
0
0
0
7949
0
0
0
0
0
2402
98
0
0
1047
6616
0
0
0
0
0
0
0
0
0
0
0
0
28
0
0
0
0
0
4046
0
0
311
14898
0
17230
884
0
0
2484
0
0
0
2322
0
2078
1083
558
0
1195
0
0
0
0
8490
127
2440
0
0
17050
0
0
1190
0
0
0
0
1729
0
0
0
0
1566
0
0
707
0
890
0
0
0
2413
0
0
12566
2820
0
0
0
0
0
0
4022
0
0
0
0
0
864
1410
2367
0
127
2706
2101
0
0
0
0
1262
0
0
1531
0
0
2434
0
7292
0
0
0
0
0
2671
12116
8510
0
1661
10317
0
0
0
0
0
2370
2948
0
0
0
0
127
0
0
1285
127
1944
0
0
0
1098
0
1493
0
2221
0
0
0
0
127
2938
0
1034
0
0
0
0
305
115
1344
0
2677
0
0
0
2077
2981
0
0
0
0
2018
0
1101
0
0
984
0
0
0
461
1998
1067
0
2200
0
0
0
0
0
0
1300
291
0
2702
0
695
0
0
0
2226
10213
0
4658
0
0
0
0
4045
0
57
0
127
0
10539
0
0
677
0
0
0
20886
5164
0
0
0
20855
0
0
2072
0
0
20660
0
0
0
0
3471
2724
2433
0
0
13539
0
0
0
127
0
0
2556
127
0
0
0
2608
0
1555
0
0
0
0
0
415
0
2531
0
2117
0
0
0
0
0
0
0
121
0
0
0
0
0
0
0
2761
0
0
0
0
1251
1558
20518
0
0
19946
2720
0
24
0
0
2116
14368
0
0
0
0
0
0
0
0
0
2609
0
9
1200
127
354
0
2096
0
0
2443
0
1462
0
1588
0
0
0
375
0
11351
0
0
3815
0
0
0
1608
3627
0
0
518
0
0
0
2053
0
0
0
2070
0
0
0
0
2149
0
0
0
0
2473
0
0
0
0
0
0
0
0
0
0
0
0
0
0
3557
0
0
0
0
2639
0
1704
0
0
0
2740
0
0
0
0
0
0
0
2687
0
0
0
0
0
0
0
0
0
1908
0
1511
2088
10993
190
0
0
588
1949
9177
1556
0
0
750
0
0
2464
2295
8000
0
0
873
0
0
2768
1937
2463
0
0
0
0
0
0
425
0
0
10539
0
0
0
858
2053
2607
7169
929
0
0
0
2761
2282
2271
0
491
0
0
675
0
6878
4014
0
0
0
1975
2473
0
2899
0
532
0
788
3471
127
0
0
886
0
0
0
0
0
0
0
466
0
2378
0
834
0
0
890
0
0
0
2340
0
0
0
1154
10539
16608
0
0
0
0
4320
0
0
2045
0
0
0
0
0
863
2924
0
7042
0
0
2
2533
0
0
361
0
6710
0
196
1554
0
3891
0
0
0
0
863
0
0
2932
0
0
2680
0
2086
0
265
0
0
0
267
1118
10949
13101
0
1053
0
0
378
0
0
0
0
292
127
3549
0
0
5217
20533
0
0
0
0
0
0
0
0
16461
0
4072
0
0
0
2913
0
0
0
1978
1051
1970
8175
0
1834
0
0
209
0
344
0
0
0
0
2437
0
0
0
1661
2821
0
0
0
1556
0
0
0
2402
0
0
0
0
0
2892
1191
0
0
0
6710
1063
872
0
0
2314
0
823
764
0
0
0
0
0
2762
127
0
0
832
0
0
9845
330
1983
0
1360
0
0
0
0
0
0
0
0
0
0
0
0
0
0
665
0
0
0
2855
0
0
0
0
2559
0
2512
2242
0
6688
0
0
0
0
0
1331
0
0
6884
139
0
0
0
0
4731
0
0
0
746
13713
0
0
0
0
1290
0
0
0
0
0
0
0
0
0
0
0
903
0
2401
0
0
0
2979
1418
0
0
0
0
1736
0
0
127
0
0
127
0
9414
0
1948
127
0
0
2998
0
0
16101
218
0
127
0
0
4456
0
998
143
0
1787
0
0
0
2034
0
0
0
0
3577
0
1903
127
0
0
0
0
0
0
1486
0
0
440
0
1146
0
0
12389
0
0
0
2742
0
0
0
0
0
0
0
0
2934
0
0
967
0
0
2121
0
0
0
4046
0
0
0
0
0
10104
0
0
0
0
0
6710
187
0
2097
0
1732
1145
0
0
0
0
10539
0
1585
248
274
0
507
2828
0
0
0
127
0
127
2401
1445
0
0
2875
0
0
77
0
0
1458
0
0
0
0
0
1411
0
0
0
0
2432
849
0
0
0
0
754
2070
0
10300
6796
0
0
4608
1177
4799
0
0
0
0
0
11035
126
0
0
0
0
0
0
0
0
0
9367
0
2842
0
13505
274
17944
0
402
0
6764
0
0
0
0
2960
1759
2643
6100
2687
0
0
0
0
0
0
0
0
19097
0
10755
0
0
0
576
702
0
0
0
0
0
9900
127
0
992
2589
0
0
791
0
1436
0
0
713
0
0
0
0
980
0
0
0
127
0
0
0
2821
0
1650
2664
24906
0
1639
0
0
18932
0
1634
0
0
0
0
140
0
488
127
5209
0
0
0
1487
2845
0
1325
0
10949
0
0
0
1125
0
0
0
0
0
0
0
0
0
1471
127
0
0
0
0
0
2158
0
0
169
0
688
0
0
0
1754
0
0
2720
2761
3344
0
0
5466
0
0
817
592
14
0
0
0
0
0
0
0
1919
0
2911
0
980
4370
0
0
11948
0
0
1845
127
0
0
0
0
88
0
0
2309
0
0
8692
0
0
0
2114
0
0
4733
0
1612
0
0
0
823
0
2051
0
0
1008
0
0
0
0
6890
0
0
0
0
0
2489
3837
0
13197
0
1776
0
2607
0
0
0
1161
0
2198
2093
1199
0
9
0
503
7
0
0
0
0
1519
0
0
0
985
9675
0
61
0
986
812
18422
0
0
522
968
7046
0
0
0
553
0
0
1439
11625
0
0
0
0
823
0
2281
0
0
0
0
0
1991
0
2306
0
0
2656
2625
5671
0
0
2100
0
0
0
0
1515
0
5024
2628
1211
2748
1745
0
0
1818
0
3213
0
0
22430
0
0
0
0
2429
0
2954
0
0
1761
0
279
10713
0
2897
5788
823
0
1169
0
694
0
2785
0
4047
0
1942
0
0
0
2957
0
10539
0
0
2370
0
0
0
0
0
0
0
0
0
0
0
0
0
0
0
0
0
0
0
1555
0
0
127
0
0
0
0
0
753
0
0
0
2215
0
0
0
0
2632
0
0
2212
0
1921
0
3891
1125
0
499
0
2401
1303
127
0
928
0
0
0
0
0
7216
907
2388
2888
0
0
0
180
2729
7905
0
0
0
0
0
2060
0
0
1511
0
0
0
10274
0
205
0
0
0
0
0
1841
4687
2031
0
0
0
4463
0
0
0
0
0
0
6697
0
2996
0
0
0
0
0
17711
780
18270
2432
0
0
0
0
2574
0
15443
2318
2528
2492
0
0
0
0
775
0
0
0
0
0
2852
0
0
13539
11703
0
0
0
0
2273
0
22445
0
916
0
0
0
0
1078
0
463
1718
0
0
0
365
2917
1327
0
886
0
0
1902
0
0
0
2722
1229
0
2074
0
0
0
0
964
0
21486
0
0
2444
0
2761
2789
1179
0
2097
823
0
0
2807
1485
0
0
2246
0
0
0
0
127
0
0
0
0
0
1061
0
0
2673
17325
0
2053
2274
0
2146
2935
0
0
0
0
0
11510
0
1095
0
0
0
0
1285
0
0
0
0
0
0
0
127
816
0
14914
0
2705
0
127
18174
0
8176
127
2124
0
0
0
0
29192
0
0
0
0
127
2246
0
0
0
1675
0
0
0
0
0
0
0
0
6399
0
389
409
0
2486
0
0
0
0
0
0
0
0
0
0
0
0
1292
1988
3016
0
873
0
919
0
243
0
0
127
0
3469
6710
0
0
0
0
0
0
335
0
2925
0
314
2774
0
3000
0
0
0
7046
2546
1477
0
0
0
0
0
0
0
1908
0
0
0
0
0
90
0
0
2696
5209
0
0
2030
0
15337
0
18368
2210
0
1850
6710
9297
0
0
0
0
0
461
0
2761
0
2201
420
0
0
5454
0
0
0
0
0
0
0
0
0
2385
1968
0
0
0
0
0
0
0
127
0
0
0
0
0
1214
0
1240
1324
517
0
11583
0
1085
0
19494
0
14422
0
0
2945
0
1252
15438
0
1740
361
2120
0
1114
0
2768
0
0
0
0
0
0
0
467
927
0
0
0
0
1310
0
0
127
0
2487
0
0
0
630
0
0
14071
0
589
1788
0
602
2790
0
0
0
0
0
0
21906
68
0
705
2853
0
0
4372
0
0
0
1877
2316
1493
0
0
0
0
2493
0
0
916
0
0
0
2397
0
0
300
0
0
0
127
0
0
0
24549
127
15691
0
0
0
8778
0
0
0
2789
0
0
0
0
0
0
0
10539
0
1787
2706
0
0
21792
0
0
0
0
0
0
0
0
2742
0
480
0
0
0
2105
0
0
0
0
0
2777
0
0
0
0
0
0
1913
0
0
0
0
0
1089
0
0
0
0
2517
1402
1887
0
0
2448
0
0
0
0
0
0
890
5335
3720
0
0
0
0
0
2173
0
3951
0
127
0
0
0
0
0
0
2049
0
620
1686
0
2596
10547
0
0
0
0
0
0
0
127
0
0
0
0
2401
1458
1003
1655
19
0
409
1228
2747
2082
0
0
0
0
0
0
623
0
0
0
3040
0
0
0
2967
3884
0
0
0
0
0
0
0
0
2548
10993
0
0
0
11050
1787
661
307
0
0
0
0
0
0
0
0
0
0
0
0
0
0
0
82
13758
0
0
0
0
0
2347
1367
0
0
0
0
0
0
2621
0
0
1778
10547
825
1918
0
0
2497
0
1044
0
127
967
0
0
0
0
2142
0
127
0
0
0
0
13182
0
1607
0
0
0
1836
2289
841
2295
0
0
0
0
18906
0
0
0
869
0
0
0
0
0
0
0
287
0
5804
0
1416
0
0
0
0
10814
2503
127
858
5185
7046
3121
127
1094
0
13015
0
127
0
0
0
0
1563
0
12265
0
0
2402
0
222
16534
0
0
0
677
0
0
0
1679
2622
346
402
0
0
0
0
0
0
0
0
320
1125
0
2948
0
0
631
12174
1720
0
8006
0
0
0
0
1468
0
0
0
5556
2048
1159
0
0
0
2671
1679
0
823
0
0
0
0
12952
0
0
1532
2723
0
0
0
0
2198
757
0
0
1816
9710
0
0
0
2486
0
1649
0
0
0
0
0
2322
7192
325
0
1715
0
0
3704
1859
0
0
0
0
0
0
0
0
0
0
17715
2363
0
0
127
0
12744
0
0
0
687
0
0
0
0
0
127
0
1277
967
1067
12402
2053
1097
0
2819
0
1498
17686
127
0
0
18748
0
0
0
0
0
1604
0
0
0
0
0
1546
0
1124
127
0
0
0
5251
0
0
180
0
0
0
0
0
0
0
0
0
5391
0
2539
0
0
127
210
3060
2492
643
0
0
0
0
0
0
1257
0
0
1099
0
585
0
0
0
0
0
0
0
1063
775
0
100
9656
0
122
0
3127
1679
0
0
719
0
0
1784
0
0
0
1371
907
0
0
0
281
0
1036
11753
0
0
2914
11215
1469
0
0
0
0
0
0
0
27549
1596
2578
0
234
0
18582
0
0
0
0
0
0
0
0
1072
0
0
0
0
0
24306
0
0
0
4151
0
2769
5618
0
0
2814
0
877
862
578
0
0
0
0
0
0
0
0
0
0
0
0
18128
0
0
0
564
0
1905
0
231
0
1707
0
0
0
0
0
0
462
7346
5185
0
0
0
190
2413
0
0
0
676
0
0
0
0
2941
0
0
0
0
127
0
0
0
0
0
1913
0
0
0
0
0
2874
2588
0
0
2624
0
0
0
0
0
2754
0
0
1404
0
0
0
0
4046
8000
0
0
0
0
2932
0
127
1498
0
0
5180
623
0
2018
2001
0
0
0
0
0
0
0
0
127
1247
0
0
0
0
0
0
0
2328
0
0
0
0
0
0
0
1845
0
0
0
0
0
0
0
4786
2006
0
0
1396
1862
1109
0
3016
2316
0
2785
0
0
0
0
0
0
15170
1585
0
0
0
0
0
0
1926
0
127
5661
0
0
2542
0
0
0
171
0
0
0
2902
2924
0
0
324
9172
0
0
2755
0
2309
1485
176
0
2546
0
1239
12534
0
0
0
1757
0
10993
0
0
2139
0
326
1182
0
0
0
0
0
0
0
0
0
0
0
2107
0
0
2001
208
0
0
0
2744
0
1235
0
1328
0
0
0
0
0
0
0
0
0
0
0
2217
0
0
0
0
0
0
4786
0
17685
1508
0
0
0
0
1130
0
167
0
0
0
0
4574
72
0
823
0
0
0
0
0
0
0
0
11625
0
0
0
3649
0
1117
0
2820
0
1980
0
0
0
0
0
0
0
0
0
127
0
1845
832
0
0
0
687
0
727
0
0
2468
0
0
267
0
1399
0
3121
0
0
0
0
2488
0
0
21324
0
0
0
0
0
0
1204
0
0
0
0
2942
0
125
0
2950
124
0
2013
0
0
0
1689
2434
825
2652
0
1743
0
4843
0
173
0
0
0
127
0
624
2343
0
0
12623
0
0
0
0
0
0
0
0
492
0
0
0
0
0
3280
0
0
0
0
0
0
0
0
0
0
0
0
0
0
0
0
0
2673
2404
0
1439
212
2387
0
0
1274
0
4800
0
941
0
0
0
0
0
0
6616
397
1440
0
0
0
11054
0
0
0
0
0
0
0
0
0
0
16438
1734
0
1136
0
0
0
1631
0
174
0
0
0
0
0
0
0
0
0
0
1908
14312
0
0
0
0
0
0
0
0
0
0
0
0
0
0
0
19485
1702
8185
6707
0
2316
0
0
0
0
0
2384
0
127
2935
0
0
0
0
0
0
0
0
0
0
0
0
0
0
0
2921
2620
0
1235
0
0
0
0
0
394
0
0
718
0
0
0
0
2347
0
0
2706
124
22219
0
10046
0
0
0
653
792
16680
2194
0
0
3441
0
3000
0
0
8164
0
0
1436
127
219
0
2089
14446
0
0
2779
1720
0
0
564
3867
0
0
3121
1859
0
0
2329
0
0
0
0
0
0
188
0
0
0
0
35
0
0
0
0
0
0
1616
0
0
127
0
0
13280
0
0
0
1718
0
0
2546
0
4467
0
0
9769
2521
0
0
0
0
0
0
0
0
0
0
0
2419
0
0
0
0
0
11739
0
0
11703
0
0
0
0
0
0
0
0
0
0
0
0
2878
0
0
2982
664
0
1850
4
1103
0
127
1883
0
0
0
398
0
0
0
2383
127
1331
2878
466
0
0
0
1599
0
0
0
0
0
2836
0
0
0
2373
390
0
0
0
0
0
0
11625
0
0
0
0
491
0
1855
0
466
0
0
15884
0
0
127
0
0
0
1214
1757
0
0
0
0
0
0
0
0
0
0
710
0
1529
0
1523
0
0
1403
1214
0
0
765
2732
127
0
0
0
1401
47
890
3498
0
398
0
1653
0
0
0
0
0
0
0
2316
0
0
1707
0
16420
0
0
0
0
0
0
197
2774
2053
0
0
8594
639
0
0
1697
0
0
0
0
0
0
0
0
1234
0
0
16702
0
0
0
0
0
0
18240
916
0
0
0
0
0
4575
0
0
0
0
0
0
0
0
0
0
890
0
0
2915
0
0
4128
0
0
0
0
0
0
9769
0
2784
0
0
0
0
1933
0
0
1586
3823
0
0
499
1381
397
0
0
0
2379
2882
0
2500
0
0
0
0
1172
2053
2018
0
0
127
871
0
0
343
0
0
184
0
0
0
0
25390
0
17325
0
0
0
1898
0
0
2802
0
0
0
127
127
0
0
0
0
0
103
0
0
17366
0
646
0
0
0
0
0
0
0
0
0
10658
2519
127
0
1771
0
2964
2214
0
776
0
0
0
244
2533
0
1465
0
0
0
0
0
4290
0
8035
0
272
1529
0
0
354
1110
0
20372
3000
0
0
0
0
10317
0
0
0
2949
0
0
0
0
3672
2172
0
0
0
7641
0
3816
0
10317
0
0
0
127
0
0
0
2318
0
0
594
0
2990
0
0
0
0
2855
0
0
0
0
0
0
883
1431
0
0
0
0
0
127
0
0
0
127
0
5518
12610
0
5401
0
0
0
0
0
0
0
4072
0
0
0
0
1233
0
2221
0
960
1403
0
0
0
0
0
0
0
0
1215
2499
0
0
0
0
222
0
0
0
0
0
4032
1789
890
0
0
573
0
0
1975
0
0
6881
0
2723
417
2924
0
0
0
0
0
1413
2721
0
0
4046
0
0
16079
0
2894
6611
0
127
0
0
0
2147
0
306
0
1434
584
2533
0
0
0
0
4902
1323
127
2381
0
0
0
0
0
0
0
18990
0
4072
661
0
0
0
0
282
127
0
0
1889
0
0
0
0
0
0
0
0
3000
0
0
0
0
0
0
0
1139
0
0
0
0
2340
0
0
1817
5322
0
6811
0
184
9598
2075
0
0
0
2145
0
0
5655
0
0
2802
127
823
0
1019
0
0
1051
1484
292
0
0
0
528
11981
0
0
0
0
0
0
0
0
0
0
0
12575
0
2226
683
0
0
0
0
12657
0
0
1120
26393
0
0
0
0
2413
1525
0
0
0
746
0
0
787
1072
0
0
0
0
4333
0
1525
1838
0
2112
0
0
1902
0
0
0
0
964
0
127
859
0
0
0
1556
2563
0
0
0
2678
0
0
0
0
0
0
0
0
0
0
0
2744
782
0
0
0
0
993
0
2851
0
0
0
0
0
0
0
0
127
0
1816
0
0
0
0
0
127
0
0
0
0
0
0
0
0
0
0
2992
0
0
0
2948
0
2301
0
16159
1083
127
0
127
0
0
0
0
0
0
0
0
2329
1080
127
0
0
0
0
0
0
0
0
1032
2535
38
0
0
13713
664
492
0
20368
0
11753
746
4123
407
3704
0
0
1905
0
478
0
17477
2095
4227
1228
0
1354
1501
0
1358
0
0
0
0
0
0
1919
0
4
0
0
1584
1752
0
0
2761
0
0
0
0
0
493
0
0
0
0
0
2304
0
0
0
0
0
0
0
0
2869
0
4192
0
0
0
0
0
0
9958
1986
0
0
0
0
0
0
2332
0
2158
127
0
127
0
1347
0
1836
0
0
0
1700
0
0
1403
131
927
2723
0
0
2866
0
0
4938
0
0
0
0
0
0
127
2800
0
127
0
125
2675
0
0
0
0
0
2402
127
0
0
0
0
0
0
0
3387
0
0
127
1385
0
0
0
0
0
988
0
1314
0
0
0
0
1403
127
2329
0
0
0
435
4305
0
0
0
19101
779
3325
409
7998
0
127
0
1300
0
0
0
4047
2025
0
1440
0
0
0
0
127
0
0
0
2696
0
13317
2722
0
333
2338
0
0
2997
812
0
0
1595
0
3104
2838
0
0
0
0
0
0
2284
0
0
0
0
127
22891
0
0
243
2844
128
0
27500
0
0
0
0
337
1591
0
0
0
2086
10869
0
11753
0
1330
1659
0
0
0
0
0
0
0
1523
0
17502
0
1781
0
0
1884
0
0
0
0
0
523
0
0
3000
2170
2053
127
1274
0
0
127
3884
683
1406
0
0
0
0
0
0
0
0
992
0
0
18291
0
0
0
469
0
0
127
0
1144
127
0
0
0
0
352
2026
0
0
0
0
0
2349
0
0
1118
0
0
0
995
0
0
0
0
0
2751
0
1344
0
0
0
0
0
0
0
0
0
0
0
0
0
0
0
0
0
2329
0
0
0
1244
0
127
6870
0
0
2249
0
0
0
0
0
41
0
0
8185
1899
2462
0
0
1655
0
9715
0
2222
0
21465
0
6967
1842
0
23122
0
0
0
0
2662
365
0
2023
0
0
0
0
0
0
0
0
646
0
6541
0
0
0
2537
0
20041
0
127
0
0
0
0
0
15331
2825
939
0
2563
0
2690
0
2328
12162
1190
127
2405
0
516
127
346
1825
2747
0
0
0
0
768
0
301
755
0
0
0
2596
1854
0
6541
2183
1101
2998
790
0
77
1376
11060
0
60
0
0
1365
0
850
0
0
2226
0
127
0
0
0
0
0
0
14476
0
0
0
1010
0
0
0
0
0
0
0
0
2078
0
0
0
2790
0
127
0
6347
5487
0
1688
1761
2729
0
0
2623
4575
0
0
1585
0
0
0
0
0
0
0
0
0
2095
2482
0
0
0
1244
0
20041
0
0
0
11573
0
0
0
0
370
6724
0
0
0
0
0
0
0
0
0
0
2417
117
0
20007
0
1290
1838
8146
169
0
0
624
0
0
0
0
396
2791
0
11753
0
2936
2285
0
0
0
2367
0
0
1715
0
0
0
3890
947
0
0
31345
127
0
0
0
0
0
0
440
0
0
2916
2073
0
0
0
6987
0
0
2637
0
0
0
0
0
0
0
15402
0
2657
0
1054
959
0
1409
322
6736
0
0
0
1683
0
0
0
4046
588
0
2413
0
0
5851
2802
0
0
0
0
0
127
5570
0
0
0
0
1474
0
2265
0
0
0
0
0
0
0
0
1118
0
0
0
0
0
0
1074
2366
21270
9882
890
0
0
0
2245
0
0
0
0
0
0
4905
2432
0
22587
0
0
0
0
10869
1695
0
0
2975
0
607
0
22956
0
0
0
0
0
738
0
0
0
43
2194
0
0
0
0
0
0
0
0
557
380
887
0
0
0
0
0
2724
0
0
0
20715
2563
0
2221
2800
0
2452
0
1970
0
0
0
0
0
0
0
0
14838
11753
184
0
6561
0
352
711
0
127
2353
0
0
0
0
0
0
2889
0
0
0
0
12174
948
0
442
0
0
0
0
209
0
0
0
2753
0
0
0
5180
0
0
0
0
2328
0
127
0
0
0
127
1053
0
434
0
0
16420
0
931
0
0
507
0
0
0
0
0
0
0
2328
2211
996
0
728
127
0
0
0
0
0
928
2141
4303
466
1506
0
0
750
0
0
0
0
0
0
0
0
18368
0
0
0
2945
16347
2840
0
0
0
0
0
3609
0
0
1715
1121
0
127
0
0
0
0
0
1944
4046
0
0
0
0
0
0
11753
0
0
1641
0
94
0
0
0
0
0
0
0
0
0
0
0
0
0
0
0
0
4104
3893
0
0
0
0
0
0
0
1170
0
1440
1994
0
0
0
0
1416
1649
0
28
0
2075
127
0
0
0
0
0
0
0
0
0
0
0
0
890
0
0
0
2527
0
0
0
0
0
0
2405
0
0
0
0
2258
0
0
0
0
0
0
0
0
0
2173
0
0
0
0
1250
10252
2640
0
0
0
0
0
0
127
0
0
0
1322
0
0
2485
0
0
0
2637
0
127
0
0
0
0
0
0
0
4927
729
2901
0
2643
401
1086
2785
0
1017
0
5150
3214
0
0
0
0
0
0
290
0
0
796
0
0
0
2643
0
2098
0
0
0
0
0
1325
0
2221
0
0
0
491
931
0
0
0
0
0
0
0
0
599
0
2745
0
0
127
140
0
1472
2354
0
1933
0
1834
0
0
0
1988
0
0
2103
0
1400
0
0
2363
576
1935
0
739
0
0
1880
0
0
0
0
0
0
0
0
0
0
8540
1589
0
2246
0
0
0
2792
0
0
0
0
11625
0
0
2603
0
1641
0
0
0
1621
0
3000
0
0
0
0
0
0
127
0
0
0
0
0
0
0
6541
4998
0
0
0
0
0
0
0
0
0
0
0
1808
0
0
0
5185
0
0
0
0
0
0
0
0
0
0
0
244
0
0
0
0
0
0
0
1385
0
1802
0
127
2209
0
0
0
0
0
0
0
0
0
0
0
0
2813
2719
0
1697
259
0
246
1329
0
0
0
0
0
0
1914
0
14337
0
0
931
0
3318
0
0
0
127
0
0
0
0
0
0
1841
0
3844
0
0
0
0
0
0
396
1761
2428
0
1385
22219
1988
2337
0
0
127
0
0
0
0
127
0
0
0
465
0
0
0
0
1238
0
0
0
0
0
938
0
2784
0
0
0
2297
0
0
0
7848
0
0
0
0
0
0
0
0
0
7046
0
21710
0
2533
127
41
0
0
0
0
0
0
0
2382
0
0
0
0
0
0
0
291
0
0
18180
0
0
0
0
0
200
0
127
127
1948
492
7046
2271
0
19313
0
0
4282
0
11753
1986
2210
0
5058
0
0
0
0
0
0
2555
0
1652
0
0
127
0
0
127
0
0
0
0
1965
0
0
0
2845
0
0
0
1878
0
1196
2818
0
176
24
2154
0
6884
0
0
0
0
0
3848
1215
0
0
0
2196
0
0
7786
0
0
2018
0
0
0
0
0
1122
2840
0
0
0
0
0
0
0
0
127
0
331
1204
0
0
0
0
0
2633
4115
0
0
0
1047
0
1403
0
0
14944
0
0
0
0
0
0
0
62
0
0
0
5671
1119
0
887
0
0
0
1670
0
0
0
0
284
0
0
2713
0
0
0
2875
13169
0
0
0
0
1446
0
0
0
0
0
0
2592
0
7949
2558
2462
0
13539
0
0
0
18729
0
1707
3213
0
0
0
0
127
0
890
0
0
12394
0
0
0
0
13330
0
0
2991
0
0
0
0
0
75
2798
0
0
0
10088
0
102
0
0
0
0
0
552
0
0
0
812
0
0
0
10814
0
0
0
0
796
0
0
0
0
0
2246
0
0
0
0
0
2716
0
193
0
2739
0
21422
2586
1008
2053
0
0
0
0
0
0
0
1242
2016
21029
2560
14578
2916
0
0
0
1965
8164
0
127
0
0
8185
0
2638
0
0
0
0
0
0
0
0
0
0
0
666
0
0
10317
0
1027
0
0
928
2695
0
0
0
0
0
57
0
0
0
0
0
0
0
17766
0
0
0
127
0
0
0
0
0
0
0
0
7004
357
0
0
0
0
6710
0
0
0
0
0
0
812
0
13525
4188
0
0
0
4187
2797
2331
0
0
0
1156
0
0
345
277
18775
0
1422
11288
0
2587
0
0
975
0
645
0
0
0
2863
127
0
0
1247
0
0
7279
0
0
0
1892
0
0
0
0
1033
0
0
0
0
1607
5303
365
0
0
0
0
0
0
0
0
11981
11382
0
127
300
0
0
0
0
0
1240
0
0
127
0
0
0
0
0
2704
0
0
0
0
0
0
16673
0
0
1175
0
2384
0
0
4104
0
19909
0
0
127
0
36
4753
0
0
0
0
0
0
0
0
127
1817
0
2482
0
0
0
3660
2414
0
0
2716
0
0
1707
0
2151
21324
1101
0
11684
0
2389
0
0
0
0
7249
0
2707
0
0
0
0
0
0
0
127
0
0
0
0
0
0
0
0
0
0
0
0
0
0
0
27368
0
0
1063
270
0
0
0
2316
0
0
2001
0
0
0
0
0
0
2281
20608
0
0
0
0
1036
2784
127
0
0
890
0
0
0
7588
0
0
0
0
0
620
0
566
0
0
0
9
0
0
0
0
643
0
691
0
830
66
0
0
0
3365
0
0
20368
322
0
7046
582
2080
0
0
277
666
0
6793
0
0
0
0
0
0
0
0
0
0
0
0
2328
0
2053
0
0
1254
3337
1663
0
0
0
0
2654
0
0
0
5475
0
886
0
1466
1214
0
0
0
0
0
0
0
0
3890
0
0
0
0
0
0
0
3894
0
12978
0
0
0
0
1792
2981
2432
0
0
0
0
0
0
0
79
0
0
0
0
0
1307
0
0
0
0
0
993
0
1334
1842
0
0
0
0
923
0
0
2354
127
0
12749
4505
0
127
0
0
0
2664
0
0
0
0
0
0
13539
2316
5475
0
0
0
0
85
0
0
0
0
0
0
0
0
0
0
2168
7681
2466
1631
0
0
0
1329
0
2654
2869
1229
0
0
0
1011
0
0
0
0
2385
0
0
0
2858
0
0
0
5767
0
1465
458
788
0
0
0
1874
6844
435
0
0
0
0
0
0
0
0
1377
7046
0
0
0
0
0
1579
0
0
3819
0
688
0
0
1700
0
16183
0
0
2165
925
1203
0
176
0
2865
0
0
2748
1797
2112
0
0
0
187
0
127
4046
187
0
1562
0
1870
0
0
0
0
0
0
0
0
0
2504
0
287
0
2137
0
0
0
0
0
8594
2194
2769
12069
3042
0
2353
0
0
0
0
0
0
2141
0
0
0
2744
0
0
21306
0
0
0
0
0
2851
0
455
0
0
0
0
0
0
0
0
0
0
2709
0
0
0
0
0
1227
0
981
0
478
0
0
0
0
0
0
0
0
0
1892
24792
0
18270
0
0
2560
4
0
0
0
2486
0
0
139
0
0
823
2882
0
0
7746
1284
0
0
1099
0
0
0
0
715
7382
16412
0
0
503
0
0
0
0
127
0
0
2450
0
0
0
0
0
0
0
2493
307
0
0
1077
2440
0
0
0
0
2779
0
277
0
0
68
0
1596
1095
1082
0
24
0
0
0
0
14753
127
0
1276
0
0
0
0
5381
0
0
0
2164
0
0
0
2051
5209
3000
0
0
0
0
0
3071
0
1639
2532
2503
195
0
0
0
0
0
0
1010
5177
0
4370
2564
0
68
723
2038
127
0
2671
0
0
0
0
0
0
3000
0
11753
0
0
0
2486
2381
0
0
0
0
1899
0
246
0
0
0
127
0
667
0
22149
0
0
3649
0
127
0
0
0
0
2906
0
0
0
0
2910
0
0
680
0
0
1555
8510
36
0
10713
0
0
2963
0
0
2409
0
1516
0
0
1729
0
1804
0
1489
2673
1436
0
0
0
927
0
1708
17446
2059
0
2645
0
0
20368
0
1745
0
127
0
6756
0
0
0
0
0
6675
0
1385
88
0
0
0
2051
10713
519
172
0
127
127
0
0
0
0
2486
0
0
7998
0
0
0
549
0
0
0
0
0
0
335
0
1316
0
0
0
2200
343
0
0
0
0
0
0
0
0
0
2924
0
0
0
0
0
2051
0
0
3365
0
0
0
1774
0
0
98
72
0
0
0
430
0
0
0
0
0
0
0
0
722
0
1953
0
2948
0
0
0
0
2456
0
0
0
0
0
0
0
0
0
0
0
2960
2429
365
0
0
0
0
0
0
0
0
5829
2991
0
0
2370
0
10869
0
10814
0
17673
0
0
198
0
0
17578
460
2487
2779
0
0
0
0
0
0
0
7949
2937
0
0
771
6174
398
0
0
1303
0
1038
2980
0
383
716
0
0
0
0
0
0
1344
0
0
0
2205
0
0
0
2499
0
0
1465
0
0
0
0
0
0
0
1118
0
0
0
1793
0
11430
0
0
0
0
0
2568
0
0
0
0
2040
0
2453
741
280
0
0
7914
1908
0
0
0
0
0
1030
1670
0
0
0
0
0
2326
0
20225
0
0
0
2777
0
0
0
4658
0
0
5487
10001
127
1302
14476
1262
0
0
0
0
0
2696
0
1590
666
0
0
0
0
0
0
0
613
0
0
846
0
4046
0
0
0
0
0
0
0
127
0
0
823
272
1616
0
0
2738
0
1686
0
0
0
1744
1195
127
0
4192
0
0
0
0
0
0
0
1289
5450
0
0
1887
0
0
0
890
0
1829
0
0
0
1782
0
0
0
0
0
4104
0
0
0
0
2797
0
0
0
0
0
1324
0
0
0
0
127
0
0
0
127
0
1744
0
0
0
0
0
0
3812
0
2703
64
0
3848
0
2280
2814
0
0
10713
0
0
2227
0
0
0
0
0
0
0
0
0
0
0
0
3100
0
0
127
0
0
0
10713
631
2256
0
1039
0
0
0
0
0
0
0
0
0
0
0
0
0
0
0
0
3419
1094
0
0
0
0
0
0
0
2101
0
0
2324
4249
0
0
0
0
0
0
0
0
2130
0
2785
0
0
2341
0
0
147
0
0
2781
1346
834
0
0
0
14572
0
1120
1880
234
4445
463
0
0
0
0
0
0
14666
0
0
0
929
0
0
0
0
1959
0
0
0
0
1248
0
0
0
0
0
0
0
0
62
2559
0
39
4104
0
0
1452
0
0
0
2678
0
0
0
0
0
1914
127
0
0
0
0
0
0
1631
0
0
409
573
1047
0
0
4604
10814
0
0
0
0
0
2401
1170
788
9598
0
1054
592
1023
1913
0
0
0
0
0
2518
2147
0
0
0
1660
2417
0
522
0
0
0
7279
0
1240
272
0
6429
0
4789
0
0
1446
0
0
0
0
0
2433
1445
0
127
0
2882
2401
0
1175
2124
0
0
0
100
0
0
0
823
0
0
0
0
0
0
6710
0
0
1784
0
0
0
1299
0
1908
9598
0
890
6718
0
0
0
0
691
892
0
0
0
0
2324
0
0
0
0
0
0
1874
0
127
0
0
0
0
0
0
4773
0
10626
0
0
0
846
127
0
2421
0
0
0
0
0
2288
2167
127
0
365
2670
0
0
0
0
0
0
0
0
18226
989
1653
0
0
0
0
2253
0
0
0
0
0
0
0
0
0
127
0
0
635
1630
153
0
2892
0
187
0
2857
17417
0
0
4046
0
10814
0
0
0
1492
0
0
0
0
3114
0
1146
0
0
2520
100
0
0
0
785
0
0
0
0
0
0
140
0
0
0
17343
0
2747
0
0
0
2726
0
4131
0
0
2453
0
0
0
0
0
0
16451
1218
0
0
2813
0
0
0
0
0
1262
0
2720
677
1189
0
2522
0
0
0
0
21990
1994
2117
0
0
0
0
12944
0
0
0
467
0
0
0
0
21301
0
0
1048
250
19920
0
1635
0
0
0
1899
0
0
2663
2302
0
0
0
0
2736
0
0
2478
15509
1552
1802
0
2730
6710
1073
0
0
0
0
0
0
0
0
476
0
0
3394
2321
0
0
2221
0
0
3890
0
0
9811
0
0
0
0
0
1704
0
3615
0
0
134
0
0
0
0
0
0
0
0
0
909
0
2608
0
0
0
256
1212
12375
0
0
0
0
0
0
0
0
398
2654
16680
0
2658
1964
0
0
1841
0
2563
0
0
2472
0
2857
0
0
1591
0
0
0
0
0
302
0
0
0
0
2826
0
0
2132
0
0
1157
2960
1077
0
0
0
2339
1118
314
386
0
127
0
2531
0
0
0
0
25796
2671
890
540
2474
995
0
0
0
607
0
0
0
0
0
0
2828
127
0
0
0
0
0
4168
0
0
0
0
0
0
0
5909
2533
0
0
0
0
0
0
0
0
0
127
0
0
0
0
1845
0
0
0
14249
0
10665
0
0
0
0
0
0
0
0
0
2253
0
0
0
0
0
0
10317
0
0
2542
0
1186
1651
0
2352
0
0
2343
0
0
0
431
0
0
2615
0
0
0
2287
0
0
0
0
0
0
0
0
0
2892
0
0
0
0
11753
2128
0
0
11625
2547
0
17649
0
0
0
0
0
0
1702
0
102
0
0
0
0
0
0
0
2450
2546
0
0
1836
0
0
0
0
0
0
0
0
4758
0
0
0
0
127
0
2450
0
0
0
0
0
18512
2381
2584
0
0
0
0
2494
1447
0
0
0
0
5366
0
859
0
0
3823
0
930
1249
0
2400
127
127
127
0
0
0
0
0
0
1297
0
1410
0
804
412
0
0
7046
0
1186
0
0
0
0
0
0
0
0
1639
22787
0
0
0
0
3268
0
152
0
0
0
571
1643
12943
0
242
1247
0
2998
1540
0
0
0
1483
0
2721
0
1794
127
13706
0
0
0
723
0
0
3000
1441
0
2017
0
2719
0
2353
0
0
0
0
0
0
13948
0
2401
0
0
0
6566
176
0
0
0
0
0
0
0
0
2318
0
0
0
0
788
0
0
75
776
0
0
6121
0
127
1441
0
0
0
0
0
1586
2115
2658
0
0
0
0
0
0
0
0
0
0
0
0
0
445
0
0
1125
0
2252
0
2040
0
0
0
0
0
4151
2246
0
0
0
17836
0
0
1899
0
0
3441
2478
9654
1146
0
0
0
0
0
0
0
0
0
1953
0
0
3469
0
0
0
0
0
1975
0
5164
3395
0
2147
0
505
0
2567
5209
2026
0
0
0
0
0
1644
0
0
5322
0
381
515
2130
0
1285
9598
1749
689
2401
0
0
0
127
0
0
0
3000
0
0
272
1070
0
2656
0
0
0
0
2774
1575
0
2824
0
0
0
0
0
15602
0
0
2997
0
0
754
486
0
0
0
0
127
0
344
919
2303
0
0
0
0
0
3891
20
0
0
0
100
3577
2316
0
0
0
0
0
2659
0
0
1647
0
0
0
0
2671
0
0
0
0
0
0
0
1139
0
0
0
0
0
1706
0
0
0
0
0
0
0
0
0
0
0
8401
0
0
0
0
1754
2277
0
0
0
0
0
0
0
2791
0
0
0
880
1118
231
0
2672
1284
0
0
1302
0
0
2558
0
0
0
1867
0
0
0
1991
2157
0
311
0
0
0
1975
0
0
0
0
0
0
0
0
2070
0
2995
1545
0
1976
620
1436
5185
0
0
0
0
2578
0
0
0
0
0
6710
0
1981
0
0
0
0
0
0
17781
1888
0
0
127
0
0
0
0
11429
0
127
1409
0
2239
0
815
0
0
0
0
1586
0
184
0
0
0
8425
0
0
2494
0
0
0
0
0
0
127
0
15294
0
0
790
0
0
0
0
0
1689
18512
0
0
0
0
0
0
2205
0
0
0
154
26298
0
2174
0
0
0
0
0
0
0
0
0
0
406
0
0
501
0
1512
0
0
0
2453
0
2918
2051
127
0
127
3670
0
2825
0
1489
2658
0
2099
1410
0
0
6561
0
0
127
0
0
0
0
1021
0
8474
0
0
2713
0
127
0
1486
72
0
0
0
0
0
1621
0
0
774
2575
0
0
0
127
0
0
271
1179
0
12419
0
624
0
0
0
0
7786
1412
1720
0
0
0
582
3535
0
0
0
11625
0
0
0
2367
0
28085
1240
0
0
1556
1062
0
0
0
0
0
0
2332
1422
0
2782
0
0
2173
0
0
0
2401
0
6541
2813
1302
0
0
0
361
0
2402
194
0
0
0
1782
0
0
0
0
0
127
1268
0
2764
176
0
0
0
2853
311
0
0
12174
0
0
0
0
0
0
0
0
0
0
381
0
1002
0
0
2725
0
0
8209
14753
8829
0
1898
2488
0
0
0
0
0
2503
1412
0
0
0
127
2643
0
1033
0
0
0
0
0
15529
0
757
1867
828
0
0
0
2949
0
10728
0
0
0
0
0
0
0
15285
0
0
0
0
0
0
0
0
127
0
0
0
2326
0
0
2797
0
2284
0
0
0
0
0
0
0
2761
2960
0
941
0
7292
0
1905
0
0
0
0
0
0
2382
0
2640
0
0
2473
0
8164
11753
0
0
2021
0
0
0
0
0
1504
0
0
7484
0
0
2057
0
2167
0
0
0
0
0
35
0
0
0
2361
0
0
0
0
0
127
1418
546
0
0
0
0
2352
0
0
1888
1670
2812
0
5652
0
823
0
1436
0
3823
18352
0
0
0
8523
0
0
0
0
1970
2447
0
0
0
2008
0
676
210
0
1100
0
0
0
0
11509
0
1324
0
0
0
0
127
2449
2373
127
0
0
0
14239
0
109
2070
0
0
0
0
1778
0
0
0
0
22098
0
518
0
2092
0
0
0
0
0
0
3208
2563
1221
9967
2436
0
0
787
0
0
0
2647
1433
0
0
0
2654
0
1607
2151
0
0
0
0
0
0
0
0
503
23329
0
0
3884
0
0
0
0
2316
0
0
127
0
0
0
0
0
0
180
0
741
0
0
0
0
3850
0
0
0
0
0
866
0
0
290
6752
0
0
14244
44
0
0
2850
0
0
0
0
2285
19220
0
9
0
2676
127
0
0
0
0
0
1996
1584
0
0
1731
0
1644
0
0
6987
0
2677
0
2982
0
589
0
0
2656
0
12389
6710
947
0
0
0
2981
0
1914
0
89
0
0
5150
0
0
519
0
458
1724
0
172
0
2874
2209
2612
0
0
0
127
0
0
0
0
0
0
9429
0
0
0
0
127
0
0
537
11625
0
0
0
0
4027
0
2048
9207
0
0
0
2671
0
764
0
0
352
0
12321
0
0
503
0
0
0
1431
0
0
0
0
1410
1914
0
127
0
0
0
0
0
0
0
0
17052
0
2904
0
23041
0
0
0
0
823
0
0
2917
0
0
0
1775
0
1871
0
0
0
0
13713
11050
2750
0
41
2109
0
118
0
2224
0
0
0
0
1174
491
0
398
0
0
0
0
6710
738
0
890
11258
0
0
0
0
127
0
0
0
2122
1104
0
0
0
0
0
0
0
0
2584
1305
5185
0
0
759
0
3025
24
0
0
17898
0
356
0
5909
0
0
0
7104
127
2662
2640
0
823
0
2728
2358
0
0
127
1948
0
127
0
9207
570
0
1499
0
740
0
0
0
1634
0
127
0
0
12174
0
0
600
0
5209
0
100
0
2645
1458
0
0
5962
0
0
894
0
0
5164
1792
0
0
0
0
0
574
3214
1360
0
0
127
0
0
0
1604
0
0
0
15608
0
2388
0
0
0
1625
47
0
1981
2912
0
2328
582
0
1787
0
0
187
1103
1899
0
0
0
2764
0
127
2104
730
0
3127
0
0
0
0
0
0
1671
7728
2820
0
0
0
1759
0
2256
1834
15294
141
0
0
0
0
4104
862
0
0
0
823
12964
10814
2546
10539
0
0
692
11753
0
1157
1144
2011
2279
2535
2819
9598
0
10539
0
0
0
0
0
0
0
2318
10317
2443
0
0
127
0
0
0
0
0
0
1595
0
6756
0
0
0
2657
0
0
0
0
0
0
0
0
0
0
0
0
537
0
0
0
9970
0
79
1641
528
0
2546
0
0
0
0
0
0
1092
0
5164
0
0
2566
1181
0
0
1196
0
0
0
63
5314
0
207
0
1117
0
5475
0
0
0
274
0
2463
1427
0
0
0
13575
0
0
0
5053
0
0
0
2260
823
0
0
1253
0
2155
967
0
823
0
0
0
0
228
2807
0
0
0
2096
0
0
127
3952
127
0
469
0
5803
0
2487
0
0
0
0
0
859
0
0
0
12612
0
748
1186
0
0
0
1720
0
0
0
13347
0
0
0
2728
1718
0
16330
0
0
0
1204
0
0
0
2741
692
0
0
2942
1754
0
8271
0
0
0
0
8475
19920
0
0
0
1583
0
2328
0
2992
0
0
0
0
0
2057
635
0
0
0
0
719
3163
0
0
687
2316
0
0
0
0
0
0
0
17325
0
0
0
0
0
0
0
4857
0
0
0
0
127
0
0
16695
0
1124
0
0
127
0
0
0
0
967
0
0
0
927
127
1989
0
2355
10923
0
0
0
0
0
0
2917
0
0
2547
0
0
0
0
0
0
0
0
0
0
0
0
0
0
0
0
127
0
5494
0
0
0
0
442
0
0
0
0
0
0
0
1416
1335
0
0
1457
0
0
2777
2762
0
0
1745
0
0
0
978
0
0
0
115
0
0
0
0
0
2129
0
0
0
0
0
0
0
0
394
0
0
0
0
0
0
0
0
13713
6710
0
0
0
1477
1149
395
127
2051
454
0
0
0
0
0
0
0
0
1598
16702
1010
0
0
7905
10121
1775
0
0
676
16063
0
0
727
0
1545
0
0
0
0
0
1652
0
0
4905
0
0
0
2419
0
0
1121
0
127
0
416
0
0
0
0
1430
0
0
0
0
0
0
8185
13017
1477
0
0
0
0
2730
1506
0
13539
0
0
0
1416
0
0
0
1031
0
0
3881
0
0
0
0
0
0
234
0
3404
0
0
0
774
4234
0
0
0
0
0
2334
127
127
4046
0
0
0
0
0
0
1929
2165
0
5462
432
1526
2084
0
592
0
0
2222
0
0
0
0
19450
576
0
0
775
790
0
961
0
0
3877
0
127
0
4026
180
2878
0
2681
0
924
0
4296
0
0
0
665
0
0
592
0
0
5002
0
0
0
0
2654
0
150
0
0
0
0
0
0
0
1850
0
0
25239
2510
0
12598
0
0
2587
0
0
0
127
0
0
0
0
7046
0
1156
16996
0
0
0
624
0
0
0
2890
5088
1346
13800
2408
0
0
0
0
0
0
0
152
0
378
0
5225
837
0
0
0
2832
0
0
127
0
0
441
6500
0
0
823
0
0
5164
1881
0
0
556
0
0
2807
0
0
0
0
6360
0
0
0
1692
1949
673
0
2915
0
127
0
2536
0
0
0
0
2670
0
0
0
0
0
0
2983
593
0
10263
0
0
5209
0
6196
0
0
0
0
0
0
722
0
0
1590
0
0
0
1971
594
0
0
0
0
0
621
0
0
0
0
0
127
1329
0
0
0
1010
0
0
0
0
0
2156
0
10539
0
2484
2103
0
0
0
2136
0
2053
0
0
0
0
3797
12389
0
3562
0
0
0
817
0
0
0
0
0
0
0
68
0
0
0
0
0
0
0
0
98
2407
0
0
0
0
0
0
841
2488
0
7647
19
0
0
0
0
0
2467
0
1065
0
0
0
0
0
3260
0
0
0
2612
2358
1328
0
0
0
0
0
0
0
0
0
15451
0
0
1707
0
1384
0
566
0
0
0
0
0
0
10399
0
0
127
0
0
0
142
0
0
0
0
0
0
0
6823
0
2332
0
4046
0
0
0
0
2744
1695
24
14914
2009
0
442
0
0
5209
2752
0
0
2575
693
0
1890
0
0
0
0
0
0
2101
4957
0
0
0
702
0
2726
2673
1935
0
0
0
0
0
0
0
0
0
0
0
0
127
0
1898
0
0
0
0
218
0
0
3127
0
0
10539
0
2370
0
2650
0
20137
0
672
0
4020
127
0
0
1103
14368
2437
0
0
0
2124
0
0
0
0
3709
0
0
502
1671
0
1926
0
0
0
0
1839
0
0
28
0
0
0
0
0
0
3412
0
0
0
0
324
0
0
0
0
2373
0
0
0
0
0
0
0
0
0
2223
124
636
0
0
0
0
6976
1792
0
0
3884
0
0
0
0
0
0
0
0
0
0
0
0
0
862
7786
0
0
11333
0
0
0
0
10872
0
0
0
0
127
1314
0
0
0
0
0
471
408
0
0
0
0
0
1051
0
0
0
0
0
0
0
0
0
850
0
0
451
0
0
0
840
0
0
0
0
0
0
0
2476
0
0
0
2180
2656
0
0
0
0
2299
0
1275
0
23041
0
0
0
13015
0
0
2235
2608
9061
0
124
0
4282
0
277
0
0
1548
0
127
0
2157
0
0
1634
5812
0
0
0
0
0
0
0
11509
0
0
0
21413
1097
964
0
0
0
0
1854
470
0
0
0
0
0
0
0
0
13575
0
2067
2516
0
2875
0
13168
0
0
0
94
0
0
0
664
0
0
0
0
0
0
0
0
503
0
914
0
729
0
64
0
0
0
0
0
2164
1970
0
127
1178
0
0
0
0
1613
0
0
12394
0
0
0
0
0
5247
0
0
0
0
0
0
1488
0
4271
1970
0
0
127
1618
1610
127
967
0
0
0
0
0
0
1465
0
0
0
0
0
2246
2466
1469
1526
2409
0
1916
0
0
999
0
0
5594
0
0
0
0
0
0
0
0
0
2942
432
0
0
687
2860
0
3823
0
0
0
1770
1281
0
243
371
0
0
0
0
0
0
0
0
2372
0
2518
0
2136
0
0
4104
2000
4077
4106
0
0
0
0
0
648
0
0
0
0
0
0
338
0
0
0
0
2343
0
0
4039
0
0
2408
0
0
0
620
0
0
0
0
0
222
0
0
0
12608
1252
13215
577
1610
0
127
17553
0
0
0
0
0
0
0
0
0
0
0
0
687
0
1599
9252
0
0
0
11625
421
0
664
0
0
622
0
2401
15608
0
2433
10317
2876
0
1684
0
0
0
0
4046
0
0
430
2401
0
0
0
0
1110
0
0
0
127
0
2458
183
712
1379
0
0
2217
11000
0
0
462
2440
823
0
0
0
0
0
0
72
0
0
2782
23484
127
0
0
0
0
0
0
2198
823
0
837
0
331
0
0
0
1410
0
0
0
0
2488
0
676
2840
0
103
0
0
9977
0
0
0
0
5576
0
0
102
1109
2609
0
13330
0
0
0
12375
0
0
0
0
818
0
0
86
20140
0
0
1067
0
0
0
0
0
0
0
0
0
0
567
0
1214
823
0
4046
0
0
0
0
0
0
0
0
2782
0
0
1560
886
0
0
2053
0
0
3786
0
0
0
2228
0
0
1830
0
0
1891
881
0
0
2096
2681
0
367
396
0
127
469
0
0
1829
0
0
0
0
13302
0
0
0
0
0
2802
2247
0
0
1940
0
1935
0
0
1628
1358
16539
939
0
1440
997
58
919
0
0
10535
0
0
0
0
11872
16706
12260
0
0
1569
0
0
0
1121
0
0
0
0
0
0
127
0
0
0
127
0
1918
0
46
0
0
98
0
0
1653
0
2049
0
10713
0
0
0
0
0
10317
0
0
0
0
0
0
0
0
0
958
0
2968
2299
0
239
0
0
5475
0
0
1186
11328
1948
0
0
0
0
0
0
152
0
0
0
0
0
1695
9365
430
0
0
0
0
702
0
0
0
510
0
0
0
127
1513
0
408
0
2975
1787
0
0
1786
0
0
80
0
0
0
2510
0
0
0
1644
0
0
0
0
0
0
0
0
0
2378
0
0
0
2705
85
0
0
0
7046
0
0
0
0
7046
0
0
0
0
1430
7896
0
1410
0
0
905
0
2834
643
0
0
0
0
0
0
0
0
0
0
2666
20368
0
0
0
0
0
18291
0
20912
0
8006
0
0
0
0
0
0
0
4758
0
401
0
9769
0
0
0
0
2405
0
0
12487
0
0
0
0
638
0
127
127
6121
0
421
0
0
0
0
0
0
543
79
0
0
385
0
0
2926
0
0
2981
0
0
3884
0
0
0
0
0
0
0
170
825
0
0
1342
0
10713
12360
73
0
2996
0
0
0
0
320
0
0
823
0
0
0
0
1202
1239
0
0
0
0
923
10713
0
0
0
1732
0
9032
6881
556
0
0
0
399
2316
0
1403
0
980
0
2509
1543
0
795
0
0
0
0
2387
0
0
1087
882
5102
0
324
1092
0
2194
0
0
0
0
0
2566
0
3000
0
3000
0
4151
242
0
0
0
0
0
0
0
0
0
0
43
0
4962
0
0
0
0
0
0
3167
1000
0
0
0
0
1334
0
0
0
22483
8680
0
0
0
2582
192
0
0
0
1979
0
0
0
15337
0
0
0
0
0
0
0
0
2961
0
0
0
0
0
0
0
0
0
5671
0
1670
0
0
2698
0
0
0
0
0
0
2557
12254
0
0
757
0
0
0
0
0
1997
0
1482
0
0
0
0
2571
23512
2061
10050
2401
0
0
0
0
0
0
0
0
0
0
0
0
0
0
0
3213
557
1530
371
1031
0
0
338
0
0
0
0
127
2842
0
5366
0
2029
0
0
4197
0
0
0
0
757
0
2857
0
0
0
0
0
0
0
0
0
2841
0
4046
0
0
0
0
0
0
0
1511
3398
0
0
0
0
2910
0
0
0
1523
0
0
16369
0
0
2726
13514
2450
18285
0
381
2297
0
2941
0
3896
38
0
0
0
0
0
5500
0
1601
0
0
0
0
0
905
0
3395
0
0
0
17995
142
8164
0
688
1902
0
2913
0
0
0
1536
0
1440
0
0
0
0
0
0
784
3891
0
467
0
0
0
0
0
2239
780
0
0
0
0
4252
0
0
0
0
0
0
5569
788
0
215
0
0
0
0
0
0
0
0
57
0
0
0
0
719
2097
0
0
0
0
0
0
0
0
0
2166
0
0
0
0
564
1511
5330
1660
0
0
0
0
0
573
0
695
0
3777
0
0
0
0
0
0
0
0
0
127
2070
0
0
0
1005
2458
0
0
0
0
0
9347
411
0
0
0
2278
118
0
2376
3545
0
0
0
1258
782
0
0
0
748
0
0
0
2711
0
0
0
0
2894
85
0
441
0
752
127
0
0
1165
0
4487
0
0
0
15174
0
1129
0
851
0
2302
376
0
1763
0
0
0
0
2714
1623
0
0
1550
0
1034
0
1070
0
0
9347
0
0
0
1844
0
0
2363
0
0
0
0
1297
0
0
0
0
0
1228
823
4608
0
15174
0
869
0
0
0
0
0
127
0
1991
0
0
0
0
0
0
1504
0
0
0
0
2945
1786
591
0
0
0
0
0
2744
2715
0
177
0
0
0
0
0
0
0
0
0
127
127
0
0
0
0
0
2503
0
0
0
0
1329
0
0
0
0
0
0
0
1867
0
0
0
0
475
0
0
311
0
0
0
2436
0
0
0
0
1275
0
0
8511
0
2703
0
0
0
0
0
5164
0
0
2831
165
130
0
0
0
0
0
2665
0
0
102
6933
1074
0
0
0
0
0
1792
0
0
127
2866
307
0
127
0
2962
0
0
0
962
0
0
2401
0
0
0
0
1653
2640
1939
1896
0
0
0
127
0
17781
0
0
0
3572
0
0
13515
0
0
1844
1486
0
3903
0
0
15285
0
2651
0
0
0
0
0
0
0
0
0
0
0
2235
0
1383
0
0
2440
0
1649
0
0
127
1937
1908
0
328
0
0
13330
0
0
928
0
1189
3890
0
49
0
0
0
0
0
0
0
2226
127
0
0
0
1310
4300
2316
1834
0
0
0
18464
0
0
0
6468
0
0
2620
0
0
0
0
0
0
0
0
0
8917
0
501
0
3918
0
0
0
1401
0
0
41
0
0
2299
0
0
0
0
0
0
0
0
0
0
0
12174
0
17401
0
743
0
0
0
749
0
0
503
0
0
0
0
600
0
2509
0
2401
0
0
0
0
0
3000
0
0
0
0
263
0
0
1346
0
0
127
0
0
2363
2502
0
12174
1148
0
0
0
0
0
0
0
1635
0
0
0
0
0
0
0
0
0
0
0
0
0
0
0
0
1953
0
16535
0
0
0
0
0
0
0
0
0
0
0
0
0
0
441
0
0
0
0
0
0
2621
0
1759
3127
0
0
398
1594
0
0
0
127
2099
0
0
1215
0
0
2915
2938
0
0
0
9336
1815
0
0
0
0
0
0
0
1209
0
0
0
6388
0
0
0
0
11288
1292
0
0
2418
0
1002
1659
0
0
530
0
0
889
0
1535
5185
850
0
0
432
2721
0
2145
0
1487
0
0
707
5494
0
3000
0
0
0
0
0
12978
0
0
0
0
0
1634
0
0
0
0
0
0
6127
0
0
2792
0
0
16172
0
0
1186
0
17778
7279
1998
0
85
141
0
2909
0
612
0
1045
2563
0
0
2422
21486
0
0
0
0
0
0
0
0
0
2355
0
0
0
0
0
0
833
0
1898
0
945
0
127
0
0
0
0
1116
0
1114
0
0
2112
0
2121
0
389
0
0
0
3960
624
0
0
1392
947
89
0
0
470
0
0
2719
0
0
0
0
0
0
0
0
2316
0
0
0
0
0
0
2488
0
1802
0
0
629
12952
0
0
2060
14804
0
6360
18582
0
1436
0
2716
89
0
0
127
0
1032
0
0
0
0
0
0
2389
127
0
0
0
0
0
0
0
0
0
0
2694
0
0
0
1504
0
2968
0
0
10539
0
2792
0
1951
0
0
222
1488
0
0
0
0
0
1649
0
0
1650
3577
0
0
0
324
0
0
127
0
127
0
0
1255
2402
0
0
0
0
127
0
0
13670
0
0
606
3000
0
2198
0
0
2331
0
1196
0
0
0
0
0
0
0
0
0
0
0
2716
153
0
0
0
1384
0
1445
0
326
0
4687
813
4046
0
0
0
100
0
0
0
0
0
0
0
3635
0
0
441
0
650
0
0
238
0
0
0
0
999
0
2094
0
0
0
0
2664
0
3469
0
0
0
2863
0
127
0
2432
8164
0
2226
0
0
2139
0
13317
5316
0
0
0
0
19924
0
10929
127
1176
0
0
0
0
0
14223
0
0
0
0
1458
416
0
1597
0
0
0
0
2355
0
0
0
0
0
0
0
0
196
0
0
2746
12264
1998
0
3891
744
0
0
0
0
0
995
6710
0
823
0
15556
0
0
0
7962
0
20886
0
322
0
0
0
0
0
0
0
0
0
412
193
0
2695
0
11625
0
0
0
0
0
0
0
3000
0
10317
0
0
0
1173
12394
0
0
2889
0
0
0
1115
0
0
711
0
127
127
0
0
320
13317
0
0
0
2176
0
0
0
0
127
127
864
0
0
1190
0
24590
2711
127
0
2306
0
11583
0
2157
0
0
0
0
454
1452
0
997
0
0
0
2012
3823
1771
0
0
0
0
0
984
0
0
1350
0
222
0
0
0
409
0
0
0
0
0
0
0
0
0
0
0
0
0
0
18174
0
0
0
0
1426
0
127
0
0
2522
0
0
20547
1905
1924
127
0
396
2868
11498
0
0
0
17361
0
0
1083
0
0
0
0
0
2488
0
215
0
14312
0
2903
0
0
0
0
0
0
0
0
1427
1600
0
0
2974
0
2172
0
0
727
0
0
1003
2150
0
0
0
0
0
0
0
0
0
0
0
1970
6190
2933
0
0
0
0
0
0
0
204
0
0
0
0
0
1695
0
0
0
0
0
0
0
0
3740
0
919
0
0
469
0
1396
0
0
14872
0
0
0
1262
733
20302
2740
0
0
0
1436
0
0
0
0
0
2747
0
0
1643
2275
2217
0
0
0
9598
153
1845
0
0
0
0
127
0
0
0
0
0
0
0
0
2772
0
0
187
0
0
0
645
11753
433
0
0
5178
0
2908
0
0
5115
0
1679
0
460
0
0
7938
127
0
0
0
1589
0
0
0
5812
0
0
1840
0
1250
0
1127
2302
1879
2968
1167
2525
0
0
0
55
0
1039
0
1164
0
0
0
0
2753
0
0
1686
0
0
2372
0
10121
2340
0
0
0
355
7046
0
0
1035
102
0
777
1970
0
0
1743
1948
592
0
0
0
0
0
0
15517
0
0
0
743
0
0
0
0
0
0
0
2261
0
0
0
0
738
0
0
0
0
0
0
0
1132
952
0
0
782
127
0
0
1408
0
0
0
0
0
0
292
0
0
1879
0
1585
0
0
0
2345
0
0
1554
694
1660
0
0
19022
1761
0
0
0
0
0
0
0
0
0
755
0
0
0
0
0
1290
0
0
0
0
0
0
0
0
0
0
0
0
0
0
0
0
0
4
0
118
0
0
429
14838
0
0
1307
2998
0
0
0
0
1872
0
0
0
0
0
0
2785
0
0
2047
2709
0
0
658
1094
0
1838
0
0
3966
0
0
1099
497
0
0
401
0
0
0
0
864
0
0
2769
0
22372
337
2389
0
2007
0
0
0
0
0
0
0
2413
1575
0
0
0
0
1619
16702
0
0
0
2833
0
0
793
0
0
0
2570
0
0
0
0
0
41
0
0
0
7249
0
0
0
0
0
0
0
2574
1821
0
14100
749
0
0
0
0
0
0
173
0
0
0
0
0
1486
1385
385
2142
2677
906
2902
1487
0
0
0
0
0
5185
0
0
179
0
0
0
1128
2802
0
0
0
0
0
10677
0
2444
0
0
0
0
0
0
0
0
0
2817
0
0
0
0
0
1486
0
0
0
2450
0
0
0
0
0
17578
0
630
727
0
2393
0
17366
0
0
0
2582
0
0
0
2807
185
0
0
0
4046
0
0
0
0
0
0
0
0
1821
0
2852
0
0
0
0
0
0
127
0
1921
19
0
0
88
0
0
0
0
1611
442
2262
1852
0
0
5209
9269
0
0
0
0
1554
0
0
0
5053
0
0
0
0
118
0
2716
0
274
0
0
0
2851
73
0
0
0
1487
1290
600
0
629
1506
0
1991
716
0
0
0
0
0
17230
2201
7192
0
0
0
0
522
0
0
0
0
1399
0
3000
1673
0
0
0
0
0
850
0
2129
5692
0
8576
1047
24
10992
0
0
0
0
0
0
931
0
0
0
2019
823
10814
0
2510
0
0
0
0
0
0
0
0
4292
16783
0
7660
0
0
2417
959
718
5195
155
0
2813
0
0
1519
0
1224
200
79
0
11625
0
0
0
0
0
0
2903
2764
0
0
0
0
756
2551
0
0
0
0
0
0
1595
0
0
2423
0
0
0
0
2718
1357
0
1768
0
1247
2994
0
0
0
0
0
0
2879
0
11625
0
0
1134
0
0
1123
0
0
0
0
1768
0
0
0
0
0
0
0
0
0
0
12587
0
2910
127
0
0
0
0
0
1590
0
127
474
127
2115
0
0
0
0
389
0
0
883
0
0
628
3121
0
0
0
1617
1987
0
6541
501
0
0
0
0
2685
7720
0
0
127
127
0
0
0
2488
0
2247
0
0
0
2464
0
0
0
2352
0
0
2075
0
0
2363
0
0
805
0
1019
324
0
5053
0
360
127
0
1704
0
0
0
0
1914
0
0
0
1356
12174
0
0
717
0
0
0
0
0
0
0
0
6851
2434
0
0
15294
0
28
0
0
0
2556
0
0
0
0
0
255
0
0
0
7145
1190
0
7728
2048
0
0
2666
0
2383
12534
0
0
2035
263
0
0
0
3337
2051
458
0
0
0
2153
0
0
0
0
0
15089
0
0
0
127
0
2147
1015
0
0
0
0
2906
0
0
0
0
0
416
0
0
10539
7653
0
1765
127
2240
343
0
820
10682
988
0
0
0
0
823
0
1746
0
0
2509
0
0
0
127
0
127
2966
0
0
0
0
0
187
0
1320
2779
0
0
0
0
0
0
0
0
0
0
0
0
2052
0
0
0
411
0
0
0
12174
2372
19450
0
13317
2434
0
0
534
0
1519
0
1390
0
0
0
0
0
0
0
0
0
0
0
2990
5401
2546
0
12952
0
1392
0
0
0
2924
12174
0
823
2970
3890
1999
0
2723
0
0
2448
0
0
578
5185
0
0
0
0
0
127
126
0
0
1487
2159
0
740
0
0
0
0
0
0
0
0
0
2382
0
2522
2765
0
0
0
0
0
127
2894
0
0
0
1660
0
0
0
0
0
2645
0
0
0
0
0
2489
0
2227
0
0
0
0
0
993
0
0
4046
2558
0
2720
0
0
1411
0
0
0
19638
127
823
0
127
9882
0
0
0
0
0
0
0
1107
0
0
0
0
0
0
0
0
0
0
1271
0
0
0
0
0
0
0
0
1422
0
0
1027
1528
0
0
1235
2079
0
0
0
2792
0
0
0
0
1539
0
0
0
1360
926
24
5230
0
2260
0
3367
2
0
732
0
0
0
0
988
0
1015
0
3127
0
1228
0
0
0
0
0
0
0
0
139
0
0
2
0
0
5425
0
1824
2626
0
3287
0
0
0
16762
0
0
56
1051
0
0
9500
2398
2938
2821
0
0
0
0
11178
14704
0
0
0
102
0
12640
10242
3014
1617
0
16101
0
0
0
1880
0
0
14476
1794
0
1518
0
0
0
0
2785
124
0
0
1683
633
4731
0
0
0
0
291
0
0
0
0
0
0
2838
0
1274
0
0
0
0
0
7185
0
0
0
0
0
8142
0
0
0
4712
0
0
2434
0
1665
11348
0
0
0
0
0
13015
1468
0
2716
0
0
0
0
0
0
1590
0
2917
0
0
8725
0
0
7035
2474
0
0
0
0
0
0
0
1195
1436
0
0
0
2958
0
0
0
0
0
0
0
0
0
8508
0
11981
14700
0
0
0
0
127
0
0
0
0
1636
0
0
0
0
0
0
0
0
2920
0
0
0
0
791
0
0
0
0
0
0
0
11753
0
835
0
2426
0
312
0
0
0
0
0
0
0
1001
0
0
0
121
9598
2328
0
0
8000
0
13713
2145
2990
0
0
0
0
0
1916
0
0
2880
0
0
0
23196
2744
5576
0
0
2544
0
127
0
0
0
0
324
0
22787
1360
1732
1115
0
0
0
0
0
0
0
0
0
0
10539
0
0
0
0
0
601
0
0
1254
0
0
611
0
1605
1589
1001
0
0
0
0
0
0
244
0
102
1668
0
0
4379
127
0
234
0
0
0
0
0
0
0
0
0
0
13800
0
0
0
1949
1659
2622
0
0
0
0
10539
0
765
18285
0
0
0
0
0
0
0
0
0
5164
1279
4046
0
0
0
0
0
127
0
0
0
0
0
0
17368
0
0
127
0
0
0
0
0
0
0
2982
0
0
25682
1331
2843
3577
0
0
0
2912
0
2869
0
0
0
2859
0
0
9710
0
0
0
10205
0
0
0
0
1400
0
2388
1035
1289
0
0
0
0
0
2852
502
0
1344
0
0
0
0
1762
0
0
0
0
839
2140
0
0
0
354
0
0
0
0
281
0
1401
0
0
2302
1303
1228
814
1410
127
0
0
911
0
0
0
2625
434
0
1122
0
0
259
0
0
0
127
2369
0
888
0
0
0
0
1742
0
2340
0
0
0
2484
0
20041
0
0
0
2930
0
619
0
0
0
0
0
0
0
0
0
2602
0
0
0
2066
1600
7046
0
0
7766
2918
7728
837
0
0
0
0
2578
0
0
1775
127
0
0
0
0
0
0
0
0
0
0
0
0
0
1808
0
0
0
0
0
1940
0
2345
0
0
0
127
0
0
0
0
2654
0
1539
0
12467
63
4507
462
0
2135
0
171
0
0
0
0
127
2620
1457
0
127
0
0
677
2970
0
0
0
0
0
4725
0
1078
0
0
0
0
0
0
0
0
0
0
0
0
0
12106
0
0
1457
0
27549
723
0
0
127
0
0
0
8101
0
10993
0
0
0
0
0
0
0
8804
3383
0
0
1070
0
0
1965
0
127
0
0
0
468
0
2265
0
0
0
1070
2533
0
0
1815
127
2159
0
1253
2285
0
0
0
0
0
0
0
0
3561
0
0
954
0
1734
0
0
127
0
0
0
0
632
1708
0
0
0
0
0
0
0
17329
186
11753
2373
0
0
17686
1361
2657
0
11312
2946
2462
0
0
0
0
0
0
0
0
0
0
2109
0
324
0
0
0
9069
16594
2714
0
127
2212
4436
244
633
0
0
0
0
5185
0
1493
0
0
0
0
0
0
2142
0
0
1360
0
0
0
0
25239
0
0
176
0
0
0
0
0
0
0
0
0
0
0
2040
0
0
0
0
0
0
0
11677
0
0
0
0
0
0
0
0
0
358
0
6541
0
0
0
0
0
0
0
0
2087
10949
0
0
0
1647
1637
2879
0
0
3720
0
0
172
1276
127
0
0
0
0
0
0
2744
2496
2199
0
0
2332
0
0
1583
0
0
1763
0
3535
2954
0
0
0
0
29
0
0
0
930
1412
0
0
0
0
0
0
0
1281
0
4046
0
0
0
0
0
4657
0
3053
0
1763
9771
0
0
0
890
0
0
2221
0
0
0
0
1585
0
580
127
0
675
2421
6512
0
0
909
6541
0
0
0
0
2358
0
0
0
0
0
0
0
0
0
0
0
4514
0
0
394
0
0
1195
0
0
2998
2475
0
3857
236
0
0
2245
0
0
0
2045
0
0
1735
0
0
0
2546
1082
0
0
0
0
0
0
0
0
6710
0
0
0
3890
2839
0
0
537
20547
0
0
0
0
0
0
0
0
2982
1324
0
2813
0
0
1659
0
0
0
0
1491
0
24893
0
127
0
802
823
0
1468
0
0
0
3890
1390
0
0
0
0
0
1122
10713
0
4046
0
0
0
0
687
0
0
0
0
0
0
0
1165
0
0
0
0
0
0
0
2623
1585
0
4303
127
0
0
0
3823
0
0
127
0
0
0
1787
0
0
0
0
2212
0
2922
0
0
890
0
0
0
0
0
2547
0
0
2537
0
3937
0
13489
0
2070
0
8733
0
0
0
2312
0
0
0
0
1253
0
2201
2877
0
0
2141
6987
2582
0
1214
2904
0
2819
2517
0
0
0
0
2579
16347
0
0
127
2606
0
0
0
0
0
0
152
1179
0
0
0
0
1215
0
0
0
1916
2668
0
0
17798
0
648
519
0
2230
0
127
0
0
0
0
12230
1870
0
0
0
0
0
0
1151
0
0
0
0
1293
2582
2995
0
0
0
23041
0
0
2984
0
0
0
16172
0
2748
0
437
0
0
0
0
466
0
0
2087
0
0
0
0
0
0
0
0
20533
0
1106
0
2900
0
0
0
0
0
0
0
1104
2715
0
0
0
0
0
0
1443
28809
4056
1446
1067
2685
0
0
0
1347
0
2018
0
0
0
0
0
10949
17368
0
0
0
2050
0
0
0
994
0
0
0
0
0
0
0
1600
0
0
0
0
0
0
0
0
0
0
10869
2667
611
0
2917
0
0
127
0
124
0
0
315
0
0
0
0
371
0
0
0
0
127
0
0
1154
0
0
0
0
0
0
8185
0
0
0
0
2054
0
0
0
0
6891
0
0
4513
0
0
0
0
0
0
0
0
4725
0
949
0
0
0
2704
0
0
1686
0
0
8063
2624
0
0
2030
0
734
2175
2045
1008
0
1571
2019
2660
0
0
0
434
1457
0
1396
0
0
2223
0
0
0
0
0
0
3399
0
2777
2093
0
0
0
0
0
0
0
0
0
0
13256
0
0
0
2582
0
13197
0
0
2013
823
0
0
0
10242
0
3611
0
0
0
0
2001
127
0
1293
4068
0
0
0
10947
0
17798
0
4262
1462
964
0
0
9769
0
0
0
0
2688
2960
0
0
0
0
217
0
0
13237
0
0
7192
823
1168
0
127
1340
127
821
711
0
2201
1575
0
2043
0
2909
0
0
0
0
302
6707
0
127
28671
1733
0
0
0
13162
344
0
0
0
0
11429
2134
0
0
2785
0
2954
0
0
611
864
0
0
0
2238
0
0
7985
0
0
1802
0
0
0
1914
0
0
0
0
0
0
21792
0
0
0
1883
0
0
0
0
0
0
0
1096
0
0
0
0
0
0
222
0
0
0
0
0
2745
2304
2746
0
0
11000
817
3369
0
0
0
0
0
63
912
0
0
0
173
0
0
0
0
0
0
0
0
274
1976
0
0
0
0
5401
1850
0
0
1307
0
0
450
0
0
3422
0
0
14776
0
0
0
2487
0
0
2911
4782
0
0
0
0
0
0
0
0
0
0
0
0
0
127
1462
1360
0
0
1896
0
0
0
823
0
0
0
0
2038
0
0
0
127
11927
0
0
2510
2502
1548
0
2239
0
0
1321
0
127
0
2337
0
2564
49
1489
2676
0
0
2250
0
0
0
0
127
1083
386
2290
2747
0
0
0
1908
0
0
0
0
1039
0
0
0
7104
4124
0
2158
0
0
13539
1235
839
0
0
0
0
0
0
0
0
0
115
0
0
0
6500
0
0
3194
0
0
5185
0
0
0
0
1884
0
2909
1838
0
0
0
0
0
0
0
0
0
0
0
2284
0
0
6112
0
0
2275
0
35
0
1914
0
0
0
187
0
0
227
1706
0
2597
0
0
0
329
0
0
0
397
1330
1471
0
2709
1960
5440
0
0
0
0
13302
0
28085
0
1988
0
0
0
0
3469
0
0
0
13539
0
437
0
0
0
1487
13317
0
0
0
0
0
890
0
0
1675
0
813
2547
0
0
0
6541
0
0
0
0
0
18849
0
0
0
0
0
0
0
13670
75
0
823
1908
1333
2283
2318
2444
0
2321
0
0
1501
0
0
0
0
0
0
1506
0
2924
0
0
0
0
464
0
0
0
0
0
1122
0
127
3512
127
0
13065
2038
0
5068
0
0
0
0
0
0
0
11753
0
0
0
0
0
0
0
0
0
0
0
1275
2505
0
0
0
2531
552
0
1545
0
2273
0
0
2755
421
0
0
0
2329
127
0
0
1368
5164
0
0
666
0
1943
0
0
127
17914
642
2913
2956
0
0
0
0
0
0
0
1229
13078
0
1096
8869
0
2318
0
1704
2429
0
0
0
0
0
184
1523
640
0
441
0
0
0
0
0
3000
6696
2568
0
173
0
0
6710
0
0
127
0
0
0
0
0
1987
2162
0
0
0
0
0
0
2385
6541
12260
0
24792
0
0
0
1596
0
0
0
0
0
0
961
0
0
0
914
0
0
0
1380
0
0
0
12491
0
0
2575
2066
127
1486
0
0
0
0
0
0
1365
0
828
0
807
127
1341
0
1169
2852
506
1925
127
0
0
1934
0
0
0
1519
127
0
0
0
0
9272
0
0
0
0
4188
0
2120
2353
0
0
11625
0
11625
0
2211
127
0
1821
0
2802
0
4104
127
0
2235
0
0
0
4881
69
0
0
0
1439
0
0
0
0
0
0
0
0
0
0
3635
1071
69
0
0
1801
0
0
0
0
0
0
0
924
692
0
0
0
0
0
0
1954
0
2288
0
335
4657
55
24088
0
0
2054
7185
669
0
0
2066
0
0
0
0
0
9769
0
0
761
0
0
0
302
0
0
0
707
2123
0
0
0
127
0
0
0
0
2297
0
0
0
0
2051
6541
4823
0
0
2480
127
0
0
0
0
0
1459
0
2760
0
0
0
0
346
0
0
2329
0
2261
0
0
0
13750
0
1506
0
0
0
0
0
0
498
0
0
0
2804
2926
0
0
1344
0
394
0
0
338
127
0
10713
2253
0
0
10539
849
0
1586
0
1379
0
22149
0
0
9690
0
0
0
1385
0
0
2500
5124
0
0
3127
0
0
2910
0
69
797
0
1428
568
0
0
0
1277
0
1020
0
0
0
1225
0
0
0
2285
1872
0
0
0
0
0
24696
2030
0
0
0
0
0
0
0
0
1330
2881
8490
47
1603
0
8164
0
0
0
127
0
500
2863
0
354
0
0
0
0
0
0
0
0
1784
0
506
0
0
0
0
0
0
0
0
676
0
0
0
64
0
529
0
0
624
0
1804
0
0
1315
0
1300
2946
0
0
0
0
12116
0
127
2101
0
0
6541
2596
0
0
0
0
0
0
0
127
0
0
0
0
1169
0
1122
0
0
0
0
0
0
0
0
0
0
0
0
0
0
451
0
1597
7653
416
0
0
0
0
0
127
0
127
16782
0
0
2246
0
0
0
0
7725
0
0
0
0
0
1500
0
0
1320
0
0
127
2878
0
0
0
12107
0
0
0
0
0
0
1889
2195
0
0
0
0
19414
0
0
7816
6541
0
0
0
3869
315
0
1531
0
0
0
1168
1086
2655
0
127
0
0
0
0
0
0
0
1038
0
0
0
0
0
0
0
0
1030
0
0
0
0
0
0
0
0
0
0
603
0
9500
0
2415
11753
0
955
0
2031
0
0
0
0
0
0
0
0
0
0
0
0
0
0
0
807
1018
0
0
1117
0
0
0
1903
0
5215
0
0
0
474
0
0
0
0
0
1733
0
0
2747
0
1406
2551
0
4851
8583
3501
0
0
187
1214
0
0
0
0
0
0
0
0
2454
0
0
1304
0
0
0
1070
0
0
0
0
0
0
0
19946
2648
127
0
0
2518
1213
0
0
0
0
1765
0
8142
0
793
2945
0
1673
0
0
127
65
0
0
11424
1656
0
20446
0
0
0
0
140
0
883
2983
16087
571
0
1619
0
0
0
0
0
0
0
0
0
21306
0
0
3649
0
463
0
4742
0
0
1469
0
0
0
0
7949
0
0
0
0
2643
0
0
0
0
2099
0
0
0
0
0
1083
0
0
127
751
0
0
0
19884
0
11000
0
0
0
0
1385
0
0
1008
181
0
0
0
0
0
1540
0
0
0
0
0
0
1847
0
0
0
0
4786
0
127
0
0
127
0
0
0
0
0
0
0
0
0
27549
0
10814
8078
0
0
0
855
0
0
0
8334
0
0
270
0
3879
0
1763
0
7905
0
0
0
140
2512
0
2217
0
0
0
0
0
0
0
0
0
0
0
1840
0
1692
0
0
356
2524
1933
0
0
2644
0
0
0
383
0
0
0
0
0
0
4104
0
21486
0
0
843
0
11778
2419
0
0
2155
0
2890
1098
1642
0
528
0
0
2755
0
0
0
0
3116
2715
615
0
570
0
0
2297
0
6710
0
553
163
0
0
0
0
0
1733
15600
111
1266
0
0
0
1127
0
118
2363
1441
39
0
0
6710
0
0
0
0
0
0
1641
416
10198
2132
8164
0
0
2756
2197
0
0
0
0
0
2956
0
4371
1358
0
0
0
0
0
4281
2577
1153
1303
1462
2583
0
2467
0
0
1850
0
0
0
0
0
0
0
0
11185
0
127
0
435
1262
0
19149
0
0
0
0
0
2662
0
733
0
2252
2814
0
0
0
0
0
0
0
0
0
0
0
127
5247
1562
0
0
0
19868
0
0
0
0
0
0
0
2948
2018
0
0
127
0
1747
0
0
0
0
0
0
0
0
0
0
0
0
127
0
0
0
1771
0
0
12174
127
0
0
0
0
2820
928
0
1237
0
0
3000
0
1710
0
0
0
1597
0
127
0
0
0
0
0
0
0
0
0
0
1486
1612
0
0
0
0
1045
1325
0
0
0
0
0
261
0
2159
0
0
0
0
0
0
0
1180
0
0
0
127
968
0
0
0
0
0
0
0
0
1481
0
127
0
0
0
0
0
0
0
0
0
0
0
11312
0
0
1275
0
0
0
0
2189
0
1239
3463
15517
0
11414
40
0
6844
0
1586
0
0
0
0
0
0
2663
2832
978
0
394
127
0
0
0
0
1624
0
823
0
0
0
1971
0
0
0
0
0
3098
1018
0
0
3000
0
0
0
0
127
0
729
26387
0
127
1145
0
0
0
3498
8524
0
0
9882
0
0
0
550
0
2822
0
17781
151
0
0
2208
0
0
0
0
1896
0
0
2114
0
847
0
2830
213
0
4654
0
0
0
0
2444
441
0
4104
0
0
0
0
0
0
0
0
1440
0
0
0
841
127
0
0
0
0
2842
2115
0
851
0
1842
0
553
0
0
0
3
855
0
0
0
0
0
722
0
0
1695
0
0
13197
0
0
0
1127
111
0
0
0
0
2586
0
0
0
2395
0
3577
0
5105
381
2679
0
0
0
0
0
0
894
0
127
0
0
0
0
0
1795
0
0
1071
0
18376
0
0
0
0
24256
0
0
0
0
894
0
0
0
0
1907
127
727
3685
543
0
1016
0
0
2723
0
765
0
22149
186
0
0
0
0
10814
190
0
0
0
0
2159
2355
0
0
0
2323
3891
0
0
127
0
0
0
0
0
0
0
0
0
0
901
13347
0
0
127
1997
1488
2260
0
0
0
2201
0
556
1936
0
0
0
8385
720
0
0
0
0
0
0
0
0
0
0
0
1129
0
1562
9347
0
0
0
2132
0
1302
0
11035
0
2625
3127
0
0
0
0
0
0
0
0
1247
0
2557
0
127
0
0
1540
0
2316
0
0
2902
2194
0
1072
0
0
0
0
0
0
0
2924
831
0
0
0
0
1134
0
0
0
1697
1399
1154
0
0
0
0
0
0
0
2711
127
0
2589
1187
529
0
0
0
3000
0
0
0
823
0
0
13182
0
0
239
1185
0
1303
2471
2580
665
0
0
126
0
0
0
1107
0
0
0
0
0
0
13121
0
0
0
0
0
0
0
0
0
1744
0
0
0
0
0
0
0
0
1704
1239
0
0
0
0
0
0
2318
12602
0
0
0
680
0
2998
0
576
0
22978
2299
0
0
0
0
0
2751
0
0
0
1717
0
0
3000
546
0
0
0
0
0
9256
0
1685
5664
13347
0
1044
2899
0
2025
1649
1817
0
0
118
560
0
0
676
0
1657
0
0
887
0
0
11707
0
0
0
0
0
0
0
2212
570
0
1621
0
0
0
0
0
0
0
0
0
0
0
2284
0
0
0
0
0
0
0
0
2779
0
0
0
0
0
0
0
0
3891
2372
4270
0
0
2272
5819
0
0
0
0
0
740
0
0
0
0
0
0
2471
0
0
0
717
2564
6891
16172
0
0
1564
2853
0
0
2932
0
0
10609
0
0
0
0
0
0
17909
0
0
1238
1637
0
0
0
0
0
0
1597
0
0
0
11510
0
0
0
0
0
0
0
0
0
14679
10274
0
1374
1394
10104
127
0
0
4992
127
0
12230
0
0
0
62
19905
0
56
0
7725
823
0
0
0
6719
0
0
1348
1707
0
2579
0
0
0
1104
362
0
0
22219
0
2740
0
0
0
1275
0
0
0
0
0
2067
5311
0
0
475
749
0
10713
938
0
2383
787
0
0
984
902
0
331
3535
0
0
0
0
1869
0
0
0
0
1903
0
1748
0
0
0
2487
0
0
3171
0
0
2902
0
1655
0
0
0
0
0
0
0
0
2607
0
0
18
0
0
1039
1165
10050
0
0
0
0
127
441
0
0
558
0
4372
0
0
2412
0
0
7046
0
1804
0
0
0
0
127
0
0
0
0
0
0
0
0
2359
0
5366
0
2997
0
1552
0
0
0
0
0
2299
18174
0
0
0
0
0
0
823
0
0
1161
13135
2828
0
0
6429
0
909
0
0
0
9417
0
0
0
0
0
0
0
0
0
0
0
0
0
0
0
0
968
0
0
0
368
0
2070
2913
0
0
0
0
0
0
0
2935
8175
0
127
0
0
102
0
0
0
0
0
4265
1189
0
0
0
0
0
15331
0
0
0
0
0
0
1575
127
0
0
0
0
0
1081
0
0
3989
0
0
0
0
0
1225
0
0
469
0
900
0
0
0
0
1051
0
0
0
127
0
13539
0
0
0
0
0
0
0
0
0
0
0
0
0
0
0
127
88
2196
0
1106
0
0
0
0
0
0
0
0
1943
3303
0
0
0
0
11753
0
0
1218
1422
127
0
126
0
0
0
0
0
0
2545
0
0
1763
0
0
27927
2625
0
0
9392
0
0
1030
0
0
0
0
2409
1874
0
0
0
0
0
0
3498
11865
0
523
0
0
0
0
0
2558
2708
0
0
0
0
1028
0
2646
1165
0
0
1442
0
0
1569
1488
576
0
1287
0
0
9336
0
2401
6710
0
127
840
0
0
0
0
2238
0
3291
127
0
0
0
0
0
0
0
3988
10539
0
0
0
1210
127
0
1176
0
2283
1968
0
0
0
2347
0
0
0
0
19022
0
0
0
2320
2159
24549
182
980
5304
5736
0
0
4938
0
7728
0
948
0
0
0
1236
4122
0
0
0
0
0
0
2868
0
0
0
0
0
0
0
0
1732
0
0
0
487
0
2645
0
12937
0
1330
0
1658
0
0
0
7046
0
0
0
902
0
0
127
0
1732
0
8035
1380
0
0
2270
0
0
0
0
0
2718
0
0
0
2115
0
0
0
0
0
0
0
0
0
2659
0
0
0
2745
127
0
0
1131
1574
0
0
605
2105
0
276
753
996
2662
0
0
0
5851
1016
3127
0
958
0
0
0
850
0
0
567
0
8000
0
0
2170
14446
2918
2812
0
14898
127
14666
0
0
0
0
0
0
1584
0
0
491
0
0
127
0
0
0
0
2657
26
0
0
0
1878
0
0
0
0
0
1422
0
1427
0
0
1228
0
0
0
0
2072
0
0
2401
0
0
0
0
2874
73
0
1497
0
0
175
0
0
0
919
15584
2737
0
0
1919
0
0
1001
0
4493
0
2526
1902
0
1762
1998
0
0
0
0
0
0
0
0
0
0
0
127
0
0
0
127
0
404
2760
4579
5335
1795
8176
0
1149
0
0
0
0
0
0
1697
167
2402
0
676
3127
0
0
5804
1934
0
0
564
0
0
0
213
2113
0
0
0
770
1654
812
2909
163
0
1986
2840
0
0
127
0
0
0
1537
837
0
2646
0
1527
0
17643
0
0
0
1155
0
0
2679
0
137
0
0
0
3373
22483
0
0
24549
0
2270
0
0
0
10104
0
10539
4888
1947
6399
1293
0
0
0
0
0
0
0
17041
0
127
0
1271
0
0
0
0
0
4140
0
0
5230
785
127
127
0
0
0
0
1195
0
2021
12264
0
0
0
0
1854
0
0
0
0
0
0
0
0
19946
0
0
2141
0
0
0
0
0
8460
0
0
0
127
928
0
0
0
0
332
1606
0
0
0
0
0
0
988
0
1704
343
1010
127
2935
0
0
0
0
0
0
0
0
0
0
0
0
0
0
2170
1775
0
0
0
0
0
472
0
0
0
0
2485
127
0
127
0
1874
0
781
0
0
7647
7949
0
0
0
7292
12575
0
0
214
0
127
0
1658
0
0
0
2139
0
0
0
0
0
0
0
0
0
2883
0
0
127
0
0
0
2318
0
0
0
0
0
1875
293
0
9486
0
2009
0
0
0
21207
785
0
0
19538
0
0
0
0
0
487
0
3323
0
2520
0
0
0
0
823
2313
0
0
0
0
0
11178
0
5293
0
3867
0
0
2482
2873
0
3884
0
2620
0
0
0
0
1730
1371
0
2134
0
0
2500
0
0
923
0
0
0
0
0
0
0
0
279
2405
0
0
109
0
0
13269
0
345
12116
0
462
0
0
0
0
0
2277
0
0
1212
0
1786
1919
0
0
0
127
2079
0
712
21306
0
1072
0
0
127
0
2817
0
0
0
430
1110
0
0
0
0
0
127
0
0
0
0
0
0
18291
0
1278
1134
2512
0
0
0
6541
1107
3000
0
0
2323
0
0
0
0
0
0
0
0
0
0
1883
0
0
0
0
1870
0
0
0
0
12291
0
0
0
0
2344
1573
3891
0
2278
1937
0
0
0
0
1585
0
302
0
0
1996
0
0
0
20264
0
0
0
3429
0
0
0
0
0
1331
0
0
2625
639
0
21893
127
0
0
0
14776
0
0
2790
0
2743
6286
2973
0
0
1216
0
0
0
0
0
0
639
0
96
127
0
2855
361
1925
2361
0
127
0
778
0
0
231
0
2029
2256
0
0
0
0
2520
1351
0
0
1660
20551
662
0
0
0
0
0
0
17368
5576
0
0
0
0
0
0
1041
730
0
0
0
1583
967
0
0
0
0
1818
0
2884
0
0
0
2789
2474
0
0
0
0
531
0
0
0
0
122
0
0
0
0
0
0
0
0
0
0
0
1385
0
0
0
0
0
0
0
18748
0
0
0
0
0
0
0
0
0
0
2283
0
0
665
331
0
1997
0
0
0
2446
0
0
0
0
2723
127
0
0
0
0
0
0
0
2381
0
1290
2666
0
2358
0
4529
0
676
0
0
0
3736
632
2128
2597
0
3665
441
0
0
0
0
0
0
2965
0
0
0
3891
1292
0
0
0
1892
0
9541
0
0
127
986
0
0
127
0
0
0
0
1132
0
0
5454
0
0
0
2860
0
0
0
14359
18324
0
726
1999
0
4046
0
0
0
0
1005
0
1692
0
0
0
0
0
0
0
0
0
0
0
0
0
0
0
0
0
0
2365
0
0
167
0
0
1919
0
0
0
0
1112
0
2970
2652
0
0
2645
2112
0
0
0
0
0
0
0
0
0
0
0
13279
4126
1566
0
17778
0
0
0
0
2261
0
2121
863
0
0
1016
0
0
0
8176
0
0
0
1536
0
0
0
0
0
0
0
0
0
0
1118
0
0
1529
0
0
0
0
1919
0
0
0
793
0
0
1908
2974
2006
0
0
0
0
0
2278
0
2512
0
1941
0
1287
0
0
806
0
0
2765
1144
2487
1255
0
2507
5185
0
0
0
0
5128
0
0
0
0
0
0
665
1499
0
0
0
127
0
0
0
0
0
2698
0
0
0
0
0
1757
0
2401
0
0
0
1870
0
0
0
0
0
0
0
0
0
0
1038
0
0
0
68
0
858
1845
152
127
8594
0
0
0
0
0
0
89
21873
0
0
0
0
0
315
0
0
16450
0
1092
0
677
0
11677
0
0
0
920
0
0
0
0
0
0
925
8268
0
0
15009
0
1849
0
1999
0
0
0
0
0
0
0
0
1440
0
0
0
0
1418
964
1143
0
0
7195
0
0
0
1531
0
2421
0
0
0
0
448
0
0
0
0
0
127
0
0
0
0
0
756
0
0
0
0
0
0
127
0
0
11753
0
0
127
0
7042
0
1904
2798
0
0
0
0
0
169
127
2645
2645
0
756
1275
0
0
0
0
0
0
0
293
0
0
0
0
0
0
0
1571
2401
0
0
0
0
0
66
390
0
0
0
127
0
0
0
22430
1169
0
0
0
0
0
788
0
0
1635
0
1342
2991
0
928
0
0
2484
0
0
8079
0
0
0
0
0
0
2580
0
0
0
0
0
0
0
0
115
0
0
0
0
0
8000
0
0
2761
0
0
713
0
615
0
0
0
2799
0
0
0
0
127
0
0
2268
1934
0
0
0
8006
0
0
0
0
0
0
127
0
0
1821
0
0
0
0
0
4046
0
0
0
0
0
0
0
0
0
0
0
0
0
0
0
0
0
0
0
0
0
0
0
0
2376
0
0
0
0
0
0
0
0
0
0
850
0
666
0
0
0
0
919
0
0
308
0
0
0
0
0
3910
894
0
0
1438
0
1944
1526
0
1262
0
5303
0
0
21735
546
0
304
0
0
2735
0
0
3341
0
0
2167
0
0
3302
0
0
0
0
0
1732
0
0
0
2532
0
2797
0
1489
0
127
1733
1501
823
20
2018
0
0
0
2027
0
0
0
0
0
0
2758
2975
0
0
0
4432
0
0
1757
1599
0
2312
19453
0
2647
8555
0
0
0
1686
0
10873
1594
576
0
127
0
0
1935
1889
0
0
0
1254
0
0
0
1403
1515
1854
23196
0
0
9710
2652
0
828
0
2766
2370
0
1094
0
0
2587
11625
0
0
0
0
13539
749
3194
26393
0
0
0
3823
0
0
2048
0
2285
0
0
0
0
43
0
0
0
0
3284
0
12677
2239
0
2189
18849
0
0
0
2809
0
0
0
0
2642
0
1802
0
0
2261
0
10814
127
0
0
0
2512
0
0
16101
0
0
0
0
0
0
2572
1818
1042
0
0
3000
0
0
0
0
0
0
0
0
0
0
0
180
1498
0
0
0
0
0
0
0
658
0
0
0
2389
1871
1255
1768
0
1047
0
0
0
0
0
0
0
0
0
0
0
851
307
127
0
787
0
0
0
1182
0
0
0
0
0
0
0
0
0
1396
0
0
0
0
0
2547
0
0
0
0
0
0
0
0
0
0
0
0
0
0
1549
1287
8594
106
0
0
0
2883
0
0
2273
0
0
0
0
1999
2525
0
0
0
0
0
0
0
471
0
0
0
0
0
0
0
0
0
601
0
0
0
0
0
616
127
0
0
12389
0
20372
0
1289
81
769
1124
0
0
0
0
2907
2090
0
0
0
1466
0
6512
16007
0
1690
0
0
0
0
1289
14889
1925
0
0
0
0
10713
0
0
0
0
29213
0
0
0
127
0
2537
0
584
24
0
0
0
0
0
0
2001
0
0
0
0
2712
0
1011
0
0
0
546
0
6541
1948
3736
0
0
0
0
0
818
6491
1992
0
0
0
0
17368
1445
1707
1621
0
0
3952
0
0
0
0
0
0
0
0
0
0
0
642
3878
0
0
0
0
0
1657
0
0
0
2066
1073
1742
0
0
0
0
0
0
823
0
0
0
0
0
0
0
127
11753
2924
0
0
0
0
0
0
2769
0
0
0
823
2624
0
923
127
0
823
0
0
2888
0
0
5576
0
0
0
0
0
0
0
0
0
13194
0
0
0
1118
0
2710
0
587
17013
12964
2352
0
0
0
0
0
0
0
0
0
0
2650
0
1170
0
127
7698
0
2214
0
0
2949
2653
0
0
0
1973
0
4423
2389
2748
0
0
0
0
1555
0
0
0
0
0
179
2520
1259
0
0
0
0
0
0
4009
0
0
0
0
906
0
1462
0
0
0
0
0
0
0
12204
2116
0
0
0
403
2674
0
0
2486
0
407
107
0
1912
0
0
0
0
0
0
127
0
1635
0
6710
2312
0
0
154
0
2697
2713
0
0
151
3301
0
0
0
0
0
0
0
1089
0
0
0
0
0
0
1225
821
0
0
0
2644
127
29710
0
0
1229
0
0
0
2310
9598
0
0
0
0
0
0
0
0
0
0
0
0
0
0
0
947
397
1025
2390
2564
621
192
0
0
2091
0
675
0
0
0
0
0
0
0
12392
919
2141
1646
0
0
0
0
0
0
0
0
3823
0
0
0
0
0
21792
10713
0
2571
6286
1396
0
2510
0
1600
0
0
1710
0
1409
0
2555
0
0
9788
21593
0
0
0
0
0
0
0
0
0
0
1670
0
1887
2401
2398
0
0
0
0
2432
15691
0
0
0
193
21226
396
2519
0
0
440
2407
0
0
0
0
0
0
2968
2863
0
0
0
1596
0
0
127
0
0
849
2721
6541
687
194
0
502
2653
127
2582
1020
3440
0
967
0
0
0
0
1408
312
1168
0
2318
0
0
127
0
24893
0
2518
0
115
0
0
1110
0
0
0
20302
0
6360
0
0
2557
0
0
0
0
2644
0
0
0
16539
13515
104
0
0
0
0
0
0
1659
0
0
0
0
2053
0
0
0
1519
0
780
2084
823
0
0
234
0
0
0
0
2617
2174
0
0
0
1565
0
0
0
14770
0
0
0
1102
13197
0
10691
0
0
0
0
0
0
0
0
928
0
0
0
0
0
0
0
1360
997
10535
127
0
0
0
1315
0
450
0
0
0
0
127
2794
1365
0
1347
7998
0
0
0
0
823
1448
127
0
0
0
2992
1597
0
13984
3510
0
0
0
0
2167
823
0
3000
0
2423
0
0
127
1631
0
0
0
0
0
0
2114
0
0
23512
2395
2146
0
0
6823
3127
0
0
1484
858
1883
0
0
0
0
0
0
0
1779
7720
0
0
1934
0
0
0
1515
5209
0
2173
665
0
11510
0
0
0
0
1537
2199
1116
0
0
0
0
0
0
0
0
0
0
0
0
2378
0
0
0
0
0
205
9585
0
0
1668
0
0
0
2323
0
1592
0
0
0
0
0
0
0
0
0
0
0
880
0
0
0
2300
1062
0
11382
0
1303
1303
0
0
0
0
1641
3000
720
8000
0
0
0
4104
0
0
0
0
0
0
0
0
0
0
127
0
0
0
5996
0
0
0
0
0
0
358
0
2156
838
2154
299
0
0
0
0
0
0
0
0
0
2787
0
0
365
13533
0
0
331
0
1821
208
2626
591
402
12640
0
0
0
0
0
0
0
0
1095
13635
0
0
180
0
1471
0
0
2267
0
0
0
0
0
19010
0
127
1991
0
0
0
0
9952
0
127
0
10121
1894
6675
0
10658
0
20855
0
0
2464
0
0
0
4429
0
0
0
0
0
0
0
0
0
570
890
0
10742
0
0
0
0
2752
0
0
0
2349
0
19
0
8009
0
0
0
0
0
0
57
0
0
0
2456
0
0
0
0
2570
0
762
0
0
0
0
0
0
2420
2277
0
0
2769
2115
0
0
0
0
1709
1925
1001
0
378
0
0
0
1086
0
0
3000
0
0
0
0
0
0
14223
2701
0
1000
0
3365
0
1692
0
0
0
710
0
0
1516
0
190
1050
0
0
0
1499
0
0
2077
0
1147
0
1700
0
4667
0
24662
0
0
6710
2798
0
0
0
0
0
0
0
0
0
3000
393
0
1975
0
0
0
0
0
9769
0
4658
0
0
1489
0
0
18902
0
0
0
0
0
2845
10046
2802
0
0
323
0
0
0
0
0
0
2792
0
0
0
0
0
0
0
0
5909
0
0
0
0
3576
0
9599
0
1729
0
1953
0
0
0
0
0
0
0
1513
823
0
0
3932
0
0
0
0
0
0
0
1686
0
22103
6987
0
0
0
0
0
0
0
0
2723
0
5002
2645
0
1981
0
0
3062
1222
2505
0
15426
0
24590
0
0
2544
0
0
0
748
0
0
0
0
0
1168
0
0
1840
0
0
0
0
0
0
0
0
1203
0
2053
24792
0
0
9952
0
0
2049
0
0
0
0
1905
0
0
234
0
0
749
0
2785
0
855
0
1740
1106
0
0
3545
2274
127
127
0
11625
2081
0
0
666
0
0
0
0
2043
0
0
0
0
0
0
940
0
0
0
0
882
0
0
0
20302
0
0
0
0
0
0
2029
0
1770
0
2926
2316
0
798
2043
1353
0
0
0
0
642
1742
0
0
0
2314
0
6075
0
0
336
0
0
0
0
0
1392
2365
0
2608
15331
0
0
0
1194
0
6793
3948
0
2747
1483
638
2802
0
2934
0
0
244
2161
0
0
0
4760
0
0
0
0
67
0
127
0
2099
0
0
0
0
0
0
0
0
2573
0
0
365
2260
12978
0
0
394
0
0
0
0
0
0
9347
360
0
0
0
22445
0
0
0
0
0
0
1147
6127
0
0
0
10539
0
5543
0
0
0
1724
1636
0
2673
863
0
0
0
4564
2164
0
4412
7848
0
0
0
0
0
0
0
0
0
7728
4172
2093
0
0
5391
19220
0
4104
2596
563
127
0
0
0
0
0
0
0
2758
0
0
5615
995
0
0
0
130
0
0
2268
0
15973
0
0
0
0
0
57
0
5851
1051
1385
0
623
2531
1100
0
0
0
0
0
0
902
0
1919
0
1136
2402
0
1436
0
0
0
0
0
0
2001
3707
127
2800
0
0
0
0
0
0
0
8594
0
1565
0
0
0
0
0
0
10539
127
556
0
0
0
2820
0
0
5185
6196
0
0
1704
0
186
0
0
0
0
0
0
0
0
2378
0
0
0
0
750
1621
2842
0
0
0
215
1325
0
0
0
0
0
0
0
0
0
0
0
0
0
13713
0
0
0
0
127
0
1110
0
0
0
0
127
2704
10121
0
0
2445
1905
0
0
134
0
0
0
0
0
0
0
1986
0
0
0
0
0
0
167
0
0
0
0
2471
0
0
0
186
10713
0
0
0
995
0
0
441
0
0
408
2422
0
0
4045
0
0
4991
0
860
0
10173
2195
347
0
2070
0
0
2488
0
0
1360
0
1734
0
11006
0
9598
1189
0
0
0
0
1919
0
450
0
0
127
0
0
0
0
127
619
1683
0
0
0
2401
0
0
687
0
0
13017
2303
0
0
0
5401
0
0
0
8185
0
1808
2060
0
7046
0
0
371
367
0
0
0
465
0
0
6541
9769
0
710
0
0
0
5185
2838
0
0
0
2381
0
0
0
0
2040
0
0
1469
0
0
0
0
16539
0
0
1293
606
0
784
2953
0
2120
0
20368
375
0
1267
0
2177
1573
0
0
2766
0
0
0
0
0
2906
0
127
0
2321
0
0
0
2602
0
0
978
2412
337
0
1202
0
0
823
0
0
0
0
2073
0
2650
0
0
0
0
2835
210
0
0
890
0
0
0
0
466
0
0
0
127
0
0
0
0
1015
0
0
0
0
0
0
0
0
0
0
0
2727
0
1405
0
0
0
0
0
0
0
0
333
0
0
0
0
0
0
0
0
0
0
0
0
0
2503
0
0
0
0
0
0
0
0
1106
0
0
10869
0
0
0
0
580
0
2670
0
0
1170
600
15602
0
0
0
0
1619
0
0
0
0
0
0
10923
0
0
127
1157
127
1344
2681
0
0
0
0
0
887
0
127
2502
0
0
574
0
998
0
0
0
1918
2726
1177
0
1892
230
0
0
0
0
0
0
0
2803
0
0
15089
0
570
127
0
0
0
0
16420
0
0
1457
127
0
0
0
0
0
0
0
0
2486
127
2413
2894
0
0
0
0
1283
0
0
1033
0
0
0
0
363
0
0
0
413
1838
1310
0
127
1776
5608
0
0
13942
0
0
0
0
7046
0
0
0
3174
0
639
0
0
823
0
592
0
0
127
0
5024
0
0
1592
0
0
0
0
3505
0
0
0
0
890
0
0
0
0
0
0
0
4403
0
0
0
0
335
0
0
2897
0
0
0
0
0
0
1802
0
0
0
0
0
0
0
503
0
2721
0
2485
0
5834
1107
0
0
8066
0
0
0
0
127
3888
0
0
0
0
2551
2264
0
932
0
0
0
2736
0
0
0
0
0
3053
0
124
0
0
4046
0
0
344
1720
0
0
2953
996
0
707
0
0
0
127
1360
0
2167
0
55
2761
0
0
0
0
0
0
39
0
930
4567
0
0
0
3121
0
4052
2862
0
0
0
0
367
0
0
0
0
0
11178
127
0
0
7681
1842
0
1121
0
5475
0
206
0
0
0
2070
0
0
0
0
0
2024
7248
0
0
401
2449
0
0
0
4048
7192
0
0
0
2643
0
910
9769
0
0
0
0
0
0
0
0
0
0
2170
0
0
0
0
0
0
0
0
0
576
55
242
0
0
0
0
0
0
8142
0
0
0
0
0
0
0
0
0
2226
0
12291
0
1658
0
0
0
0
0
127
0
0
0
6557
0
0
0
0
2003
2265
0
0
0
0
5164
9
0
0
0
0
2329
1124
0
0
0
0
8116
127
0
2723
3904
0
0
999
0
0
127
1334
0
63
0
1797
0
0
0
0
0
0
3539
0
1597
0
0
0
0
0
0
1036
0
0
0
0
0
0
0
0
0
0
0
0
2710
17349
0
0
0
0
0
964
20007
536
0
0
0
0
594
0
0
0
0
0
1998
0
1784
6445
0
0
0
0
0
0
3119
0
0
0
0
0
0
0
17785
0
0
0
241
0
0
2443
568
781
0
823
0
0
0
2281
0
0
0
0
0
0
0
0
0
0
1568
0
10539
4011
0
0
127
0
0
190
0
0
0
0
0
0
0
3121
0
0
0
0
2356
0
0
0
0
0
6823
0
0
0
2227
0
0
0
0
1958
0
361
0
0
0
0
0
0
0
2404
1473
2116
0
0
0
0
0
0
127
0
3127
0
9086
0
8164
1066
0
0
0
0
0
0
19022
0
0
0
0
0
0
2875
0
127
213
2619
0
0
0
95
1867
0
0
556
890
0
0
0
0
1302
0
0
0
0
2802
0
0
0
1220
501
0
0
0
8178
0
0
2732
0
0
0
0
4298
2091
0
0
0
2441
0
0
17446
27817
0
0
0
2093
1959
0
1555
0
0
0
0
2620
0
0
0
0
0
2014
0
0
0
0
0
0
0
816
0
0
0
2405
0
13539
367
0
0
1670
0
14480
127
2544
0
0
0
0
0
0
0
1817
0
7046
3580
1303
0
0
0
0
127
227
0
0
0
1243
0
0
2775
20343
0
1239
0
2261
3000
127
0
0
0
0
0
0
0
0
0
0
0
0
0
0
381
0
0
0
22022
0
0
1101
2401
0
0
0
0
0
0
0
0
0
1631
0
2070
0
0
0
3720
127
0
10539
0
0
2035
0
0
0
0
0
0
0
3000
0
157
2664
0
0
13706
0
0
0
0
0
0
8523
0
0
0
0
0
0
0
93
0
322
0
0
1186
2737
1029
0
2483
0
0
0
0
0
277
0
0
1169
0
0
127
683
0
553
0
0
0
431
0
88
17382
1840
884
0
5391
0
0
0
2104
0
0
1749
0
0
0
0
0
0
0
0
0
0
1757
1193
0
0
0
0
2073
0
0
9598
0
0
0
0
0
2975
0
0
0
0
0
2078
0
0
0
142
823
0
11000
450
4046
0
0
4
1546
0
850
699
1078
1119
4046
0
445
0
0
0
0
0
0
0
11753
0
0
127
0
0
0
0
0
812
0
0
1104
0
0
0
0
0
0
14368
0
0
0
0
55
22787
5048
177
2562
0
0
14042
5185
505
0
1077
0
0
0
0
844
0
0
0
307
0
0
1572
823
0
0
0
0
4104
0
127
0
0
0
502
0
0
0
2373
22149
0
0
0
0
0
0
10317
0
0
127
2126
0
0
0
337
0
0
0
16539
0
0
0
0
0
0
0
0
4046
0
0
0
0
14914
0
0
0
2316
0
0
0
0
0
0
0
0
2401
0
0
3537
0
1099
0
2060
0
2068
0
865
0
0
0
4672
0
0
0
0
2531
2430
0
984
0
127
0
499
0
0
222
0
0
127
0
0
890
0
0
0
0
88
0
0
0
0
127
0
0
0
0
1489
127
0
2456
0
0
0
0
0
2740
127
0
1098
0
933
0
0
0
11583
0
12174
0
759
0
0
0
0
0
0
0
0
0
2051
823
0
0
0
2851
21398
1724
0
0
0
0
0
127
0
0
0
11062
469
26298
0
0
0
0
0
8604
873
0
0
1875
0
0
2096
0
0
0
0
1486
0
0
1804
0
1063
0
16223
0
0
2166
0
601
1862
0
0
0
1988
0
127
601
2141
0
0
2535
1258
0
0
0
0
0
0
244
365
0
0
2607
0
2497
0
0
0
0
0
0
0
0
21029
0
0
0
1674
0
2760
0
0
22795
0
0
0
0
0
23041
7786
2578
0
703
3517
0
0
0
0
0
0
107
0
0
0
2218
0
0
12291
0
0
2982
0
0
0
0
0
0
0
0
0
0
0
531
0
0
0
0
0
0
2667
0
0
0
0
0
2840
0
0
1732
0
0
0
0
1527
0
0
722
0
1002
0
109
0
0
0
1618
0
3130
2853
996
3213
0
0
1859
0
0
0
0
0
2448
0
0
0
0
0
0
2571
5549
0
0
16783
1446
0
0
0
0
0
0
0
0
0
2238
0
0
2783
0
0
0
7046
0
0
0
0
0
0
0
0
88
0
0
1518
9329
7816
0
0
0
0
0
0
127
0
0
0
0
0
2096
0
992
118
0
2522
0
10989
13977
1454
0
0
0
0
0
0
0
0
2352
0
0
0
6884
1840
0
0
17041
127
4897
0
1326
1960
10713
13945
0
0
343
890
0
0
0
571
0
620
1951
0
0
0
0
0
0
0
0
0
0
0
0
0
0
811
0
127
0
0
0
0
0
0
0
0
0
127
0
0
12291
2183
0
0
1262
15294
0
0
1149
0
0
0
0
5
7949
127
0
0
2582
1541
0
2212
0
0
1944
0
0
9696
0
2612
2117
3984
0
10539
2212
487
0
1286
0
2913
0
2226
0
9598
0
1604
0
0
13017
0
435
0
781
0
0
0
576
0
0
0
0
0
0
0
0
11175
127
0
0
0
0
0
1395
0
0
0
351
0
0
127
127
1342
0
127
0
3890
0
1816
0
0
0
0
0
332
0
1918
14753
0
0
0
0
0
0
1771
0
0
0
1177
0
0
1485
127
0
0
0
0
0
0
0
3704
0
0
570
0
5209
0
1919
0
0
0
0
1238
0
2114
0
0
5769
0
0
0
0
0
0
10539
0
0
3098
124
0
1000
0
0
0
0
127
0
0
0
0
0
0
127
9286
1912
0
0
0
0
0
933
6121
0
1025
0
0
0
16534
1581
1247
0
1924
0
620
2329
0
0
0
0
0
0
0
0
0
0
7292
0
0
0
2813
0
0
127
0
823
72
0
0
127
0
516
0
1257
0
0
2196
415
0
127
0
0
0
41
1041
2223
0
0
0
0
0
570
0
0
0
12402
0
0
661
244
0
0
461
0
0
0
1944
2698
0
0
0
0
0
4295
0
0
0
1063
8692
2716
0
0
0
2413
2442
0
3498
0
1773
0
0
0
0
0
0
2968
0
0
0
0
0
0
127
0
0
0
7319
5824
127
0
2139
0
0
0
0
1970
0
45
0
0
0
0
0
0
24226
0
0
0
0
2405
0
0
216
0
0
12237
729
0
352
0
0
24
0
0
2212
807
0
0
0
2482
1015
0
0
0
1341
2248
0
0
1535
0
539
0
1508
2981
0
0
0
0
0
0
0
127
14368
882
623
0
1603
793
0
0
0
0
0
0
0
0
2643
2913
0
2769
1970
126
0
0
0
2960
441
0
1622
0
0
9367
1787
0
0
0
0
0
12426
0
0
0
0
0
0
0
9952
0
0
0
0
0
0
0
0
0
2747
0
0
0
0
0
0
0
0
67
0
0
0
0
0
0
0
0
0
695
0
0
0
0
0
140
0
0
0
0
0
0
0
811
17798
0
2064
0
0
0
2888
2388
0
2758
0
0
0
0
0
0
0
0
10412
0
0
5820
2214
0
871
0
0
1540
0
21122
0
0
1586
2828
0
2276
2129
0
0
0
0
0
0
0
0
0
2615
0
0
0
0
939
727
0
1554
386
24770
0
0
0
21647
1045
0
0
0
2546
521
0
0
0
2566
1146
0
0
1465
0
0
9272
0
0
0
0
13713
9598
127
0
0
1692
2316
0
0
1345
1652
0
0
0
4752
0
0
2910
546
0
0
0
1536
0
0
1485
952
0
0
0
2222
0
0
1747
0
398
13575
0
0
1492
0
2587
0
0
4258
1918
0
0
1915
0
0
1213
0
0
11753
395
0
2968
0
823
0
0
0
0
0
0
0
0
1988
9598
0
1251
127
0
0
1251
0
0
1658
0
0
1129
0
0
2785
0
0
0
0
2633
0
0
15454
0
0
0
0
2172
1010
4192
2720
2500
0
0
0
0
0
600
2494
0
0
1566
2791
2027
0
0
2316
0
582
811
648
0
0
0
2194
0
0
1293
2064
0
0
0
329
0
0
0
0
0
17349
397
0
1177
0
0
336
0
0
2971
0
0
0
15906
0
0
9448
0
0
2977
0
0
0
7554
0
0
0
0
127
0
0
0
0
0
434
0
1300
0
127
0
0
127
0
4725
0
69
0
0
0
1751
0
0
0
11178
0
0
0
0
521
0
0
21270
2226
0
0
4407
888
0
16534
7249
0
0
0
0
0
0
0
1627
0
154
0
0
0
0
0
0
2869
0
0
0
20
0
0
2330
0
0
0
0
0
0
0
0
0
0
0
2261
72
0
0
999
2353
0
2820
0
0
0
0
0
592
1021
1488
0
1170
0
0
2851
3080
1886
0
7145
0
1852
0
1051
0
0
1481
487
0
0
21720
0
0
0
9769
960
0
1630
0
0
0
0
537
0
0
0
0
0
0
2006
0
88
1841
0
0
2704
0
0
0
0
0
0
20290
0
2814
0
1322
0
0
0
0
18735
0
0
0
0
0
0
0
1637
0
0
0
397
0
0
1999
0
0
0
0
0
0
0
921
0
0
0
0
0
0
0
0
0
0
0
2911
0
2279
0
1984
0
2053
0
2320
2401
0
1570
0
0
558
0
1037
0
0
127
196
0
12264
0
0
0
0
2843
1430
24692
0
2640
0
855
0
2897
0
11753
2433
2855
127
0
127
0
0
0
0
0
0
0
0
0
994
1268
1293
0
127
0
0
2582
0
0
890
0
1051
0
0
0
0
10713
0
999
0
0
0
0
0
0
0
0
0
0
98
0
0
0
2253
0
0
0
0
0
212
964
0
7216
194
13539
2289
5185
0
0
0
0
0
0
0
0
0
0
0
9238
0
0
0
2773
0
0
806
1767
0
0
6878
2526
11071
0
24549
2723
0
0
0
0
127
0
1063
0
0
1193
0
0
0
0
0
8185
0
0
0
0
0
0
24749
0
1905
22483
0
0
54
0
0
0
119
0
0
0
2488
0
0
0
0
0
0
1595
25790
0
0
967
0
127
127
0
0
0
823
2922
0
0
2370
637
0
0
1530
2994
0
0
0
0
69
0
1802
0
0
1118
0
2099
11625
0
0
0
0
397
1572
0
0
0
2402
1457
2430
11148
0
23241
0
0
11849
0
127
122
0
0
0
0
5462
0
0
0
0
1262
0
0
1239
0
2164
0
1088
0
0
0
2489
0
2427
0
0
0
0
0
2855
0
0
0
0
0
0
3884
22445
8185
0
0
0
0
0
0
0
918
0
0
1444
671
75
0
0
0
0
0
0
0
0
0
0
0
1644
0
2116
1786
0
0
0
0
0
8000
0
655
0
3676
1856
858
0
66
0
0
0
557
0
0
0
0
1259
0
0
0
0
0
367
2775
18829
0
0
0
0
0
1482
0
0
1676
0
0
0
0
0
2407
1187
0
0
3382
0
1316
0
0
0
0
0
127
0
0
2389
0
0
611
1268
0
1229
4144
1119
12419
0
0
2415
0
0
0
0
2529
0
0
0
0
1443
2587
0
0
2741
0
2317
0
127
0
717
0
2710
1203
2260
0
0
0
0
0
1914
0
0
0
0
2778
0
16610
0
127
0
0
0
0
2812
0
0
0
0
127
0
0
0
1487
0
0
0
0
2232
0
0
0
8161
1469
20041
0
0
0
2791
0
0
0
0
0
0
0
0
2103
0
2533
8778
360
0
0
2641
0
6541
18960
823
0
155
0
0
0
0
0
1780
2900
4046
0
0
0
0
807
0
15174
0
13059
0
0
2302
0
0
0
1390
0
0
823
0
0
7248
0
0
0
0
0
12467
0
0
0
0
0
3992
0
0
0
0
2542
0
6720
0
0
171
0
0
645
0
8778
127
0
7484
0
0
0
0
2647
0
4413
0
2114
1162
0
0
0
0
0
1702
0
0
1964
0
5164
0
2743
0
0
0
0
0
0
855
1953
0
0
0
0
0
2954
4851
0
0
0
0
2313
0
33
0
2039
1095
2448
1985
0
576
0
0
0
1101
0
2530
0
0
0
0
0
347
3435
0
603
0
0
7169
0
0
0
0
16369
0
0
0
0
0
0
0
0
0
0
0
394
0
0
0
0
0
0
0
0
0
0
0
0
0
841
6710
0
0
0
0
1641
0
2057
2718
0
0
0
0
0
2503
0
0
1452
823
2603
0
1708
2379
0
2856
0
0
0
2016
0
0
1383
124
0
0
2151
992
0
0
127
0
2401
0
0
0
0
0
0
441
1814
0
2798
0
0
0
0
0
1529
0
0
2264
283
503
0
0
0
2310
0
877
36
0
0
0
0
2574
0
277
0
467
0
0
18849
1124
14753
0
0
0
0
0
0
0
0
2444
0
0
0
0
0
776
0
0
0
127
0
0
0
0
2792
3000
0
0
0
0
0
0
6707
0
704
0
2185
0
127
0
0
1358
0
0
0
0
0
119
0
0
1044
0
0
0
1569
0
0
823
543
0
0
1542
0
0
0
2402
0
0
0
0
127
0
2189
127
947
0
0
0
1465
2116
2393
0
0
0
0
2221
0
0
923
6541
0
0
2751
0
0
3532
1515
12944
777
1872
0
0
0
0
0
2582
0
0
2341
0
2228
2082
0
0
0
16101
0
1215
0
1048
0
0
0
2099
0
0
0
3890
0
0
0
1815
0
0
5185
0
0
0
0
1351
2997
0
660
0
0
2797
1050
0
0
3176
0
0
0
5164
10728
0
0
0
0
1773
0
707
3890
11178
0
890
0
648
0
2769
0
0
0
0
0
0
0
0
0
2533
0
2007
665
1978
726
0
0
0
0
127
10121
0
0
0
873
0
14476
0
811
0
1307
0
0
0
1577
2053
1253
10835
0
0
0
5204
0
106
0
0
582
0
0
1795
0
164
0
0
0
0
0
0
2628
0
0
0
0
0
0
0
10317
1408
0
0
0
0
0
880
0
440
0
0
0
553
16358
1366
0
0
1794
0
1822
768
2105
0
0
2381
0
1583
0
1466
1892
11175
1422
2648
0
2702
0
2359
2780
0
0
0
1560
0
0
0
1571
1118
0
0
0
0
0
0
0
3
324
723
0
0
0
0
1257
0
1035
1758
0
0
0
2967
0
0
0
0
0